Dataset str(0)
Time elapsed in seconds
16.32119083404541
[146, [array([[-0.64283888, -0.8410376 , -0.84068726,  0.25087264, -0.15114754,
        -0.11864276,  0.83599852, -0.89019336, -0.44049855,  0.54258363,
        -0.31370579, -0.07526902, -0.06150355, -0.97374539,  0.37494413,
        -1.30288118,  0.42385359,  0.45597414,  1.4655463 ,  1.55759427,
         0.10555524, -0.98403163, -0.22794531, -0.76219666, -0.12934499,
         1.73699842,  1.00386785,  1.209094  , -0.46710091, -0.273783  ,
        -0.06378595,  1.50717103,  0.49141575,  0.57507875,  0.93586649,
         0.94671191, -0.35152439, -1.54811192, -1.06900036,  1.63830906,
        -0.14971205,  0.21805012, -0.01631639,  0.76088093,  1.05142491,
         0.76417228,  0.66069302, -1.30267315,  0.17842777,  0.42826577,
         0.34323954,  1.21732949, -0.84149249,  1.01212509, -0.91492106,
         1.28308087,  0.12615902,  0.252914  ,  0.66353911, -0.6561967 ,
        -0.10313115,  0.37454127,  0.31002265, -0.31850405,  0.95992862,
        -0.79990051, -0.0057274 ,  0.4359936 ,  0.39005809, -0.40341077,
         0.23780701]]), array([35.69535974])]]
Dataset str(1)
Time elapsed in seconds
5.664251327514648
[146, [array([[-1.77434031e+00,  2.35242622e-02,  2.76990408e-01,
        -1.44205772e-01,  4.87042788e-01, -4.07518689e-01,
         2.58728178e-01,  2.00653838e+00,  1.60958991e-01,
         5.49608956e-01, -1.05513592e+00, -7.51024411e-01,
         1.75038190e-03,  5.03202921e-01, -5.21486213e-01,
         1.28518500e+00, -1.05506656e+00,  6.25546606e-01,
         5.52445485e-01, -9.57816298e-02,  1.09291275e+00,
         3.35711750e-01, -8.08455204e-01, -8.46127282e-01,
        -4.57390371e-02,  3.60046406e-01,  8.06105726e-01,
         1.15788087e+00,  8.23046428e-02,  6.11421404e-04,
        -1.38279148e+00, -9.17703917e-02, -7.00762218e-01,
        -9.81290267e-01,  3.10092209e-01, -6.56159315e-01,
         1.00769744e+00, -3.69682820e-01, -3.58668581e-01,
         2.80848649e-01,  1.41194259e-01, -8.94383780e-02,
         1.22700610e+00, -5.26925182e-01,  1.00753569e+00,
         1.49608081e-01, -9.09482443e-02,  1.00766926e+00,
         1.06691784e-01, -1.94432151e-01,  8.96265893e-01,
        -4.47045534e-01, -1.01236296e-01, -3.14478413e-01,
         8.51011380e-01, -3.83142189e-01, -2.51520971e-01,
        -6.89832642e-02,  6.19393947e-01, -7.66852576e-01,
         1.46910829e-01, -3.02626664e-01, -4.49929170e-01,
         1.04652097e+00, -8.07755131e-01, -1.26002441e-01,
         1.76718381e-01, -3.72305635e-01,  3.92524594e-01,
        -1.00598438e-01, -2.69925699e-01]]), array([25.02760806])]]
Dataset str(2)
Time elapsed in seconds
2.3187825679779053
[146, [array([[-0.31440149,  0.02265856, -0.61912209,  0.06733776, -0.43740949,
         0.75811776,  1.70739196,  0.30368587, -0.94280858, -0.21198592,
        -0.48492171, -1.19270041,  1.25799451,  0.88404857, -0.41484498,
        -0.32447156, -1.39336205,  1.3396863 ,  0.88162007, -0.54822052,
        -0.90839506, -1.09040559, -0.22823554, -0.69617852,  1.01612231,
        -1.05508396,  0.09582832,  0.86011447,  0.90229019, -0.36941284,
        -1.41968131,  1.85266328, -0.43208489,  0.687844  ,  0.7381999 ,
        -0.23289702, -0.4855132 , -0.98138684,  0.33727868,  0.28092161,
         0.3713256 , -0.6881915 , -0.26150972, -0.47694567,  0.68468066,
        -0.16333403,  0.56314052, -0.01157533,  0.29700182, -0.14885228,
        -1.79268966,  0.02588452, -0.51474724, -0.36156136, -1.73642221,
         0.81658912, -0.3870184 , -0.65686376, -0.04670727, -0.82012653,
         1.31012827,  0.12114471,  0.37844066,  0.50995554,  0.63385847,
        -1.14683164, -0.46677261, -0.55647046, -0.37443332, -0.75972295,
         0.83823884]]), array([89.57086363])]]
Dataset str(3)
Time elapsed in seconds
1.6460142135620117
[146, [array([[ 0.09141565, -0.09162658, -0.42161741,  0.32684543, -1.61019073,
        -1.23565335,  1.07583264, -0.15810943, -0.44640021, -0.31079296,
        -0.09708223, -1.2064503 , -0.30269725, -0.51233879, -0.14513156,
         0.27012991, -0.46931368,  0.31024004,  0.22920338,  0.67805091,
         0.08437806, -1.21534756, -0.5372528 , -0.50633338, -0.5199893 ,
        -2.17985277,  0.85411013,  1.26427908, -0.27135521, -0.1642868 ,
         1.03157662,  0.05764945,  0.9579138 , -0.65862726,  1.02095831,
         0.46959325, -0.15325941,  0.15202229, -1.77583778,  0.35405531,
         0.40353747,  0.17001323,  0.75171658,  0.64996518, -1.00958823,
        -0.13612904,  1.61270131, -0.12247645, -1.80969629,  1.26159688,
        -0.18254106,  0.43124045,  0.59096907,  0.10408346, -0.6957214 ,
        -0.45846974,  1.45937406, -0.97668892, -0.69456795, -0.22315799,
        -0.45588162,  0.31812485, -0.38144276, -0.02123622,  0.18304373,
        -0.39420809,  0.41595087,  0.23819457,  0.16019202, -0.0861401 ,
        -0.11714402]]), array([3.22000869])]]
Dataset str(4)
Time elapsed in seconds
0.6711249351501465
[146, [array([[ 2.81666200e-01, -4.39239671e-01,  1.50963769e+00,
        -1.50685186e-01,  5.72074254e-01, -8.11755907e-01,
        -8.30824264e-02,  2.24001644e-01, -2.25262254e-01,
        -2.78174357e-01,  3.11027019e-01, -6.48745195e-01,
         1.22668504e+00,  1.63018866e+00, -1.06545677e+00,
         7.50679545e-02,  6.11045075e-01,  4.65331818e-01,
        -1.98194791e-01, -7.09013893e-01, -1.39718721e+00,
         1.54122991e+00,  9.38465278e-01, -4.74815807e-01,
        -1.08090562e+00,  2.98659979e-01,  1.43815802e+00,
        -1.11328878e+00, -6.25533281e-01, -2.42165216e-01,
        -5.25874853e-01, -4.65422470e-01, -8.94980585e-01,
        -6.93659469e-02, -1.92012366e-01,  4.26118932e-01,
         4.02350484e-01,  1.72048465e-01, -8.09744152e-01,
        -4.97694039e-01, -4.03808368e-01, -4.05488185e-01,
         7.87190259e-01, -3.16085146e-01,  6.83774406e-01,
         6.85243262e-01,  1.23583357e+00,  1.59900597e+00,
        -9.24583907e-02,  8.94280416e-01,  5.99208229e-02,
        -1.57123502e-01, -3.95718500e-01, -8.97991818e-01,
         1.03223642e-01,  9.17337466e-01, -3.73842428e-01,
         1.13995092e-01, -2.72177365e-01, -1.05987208e+00,
         7.22599460e-01,  1.22394737e-03, -3.50329884e-01,
        -1.75085502e-01, -8.97391801e-01, -1.10536013e-01,
        -8.68866409e-01, -4.30103924e-02,  7.17369701e-01,
        -3.73394548e-01,  7.27378138e-01]]), array([12.12333899])]]
Dataset str(5)
Time elapsed in seconds
0.7331321239471436
[146, [array([[-1.49716566e+00, -5.45477808e-01, -9.55905298e-01,
        -4.21370184e-01,  1.22772414e+00, -7.85767896e-01,
        -6.52452777e-02, -9.90226649e-01,  1.11450257e+00,
         7.94786057e-01,  7.17328598e-02, -1.71982769e+00,
        -8.20056510e-01,  1.95549894e-01, -2.83073932e-01,
        -1.10182581e+00, -6.18668005e-01, -1.47499867e+00,
         1.07134952e-01, -2.09771926e+00,  3.73015488e-01,
        -4.27743589e-01,  8.70940579e-02,  1.01031440e-01,
        -5.68039039e-04,  1.31801745e+00,  6.01156764e-01,
        -2.75304273e-01, -1.12857754e+00, -1.53453875e-01,
        -9.46097319e-01,  2.62530078e-01, -2.20236293e-01,
        -1.83805090e-01,  3.52401698e-01, -9.17354288e-01,
        -8.15510794e-01, -5.49483864e-01, -3.08993339e-01,
         4.95001168e-01, -2.85695263e+00,  1.05013572e+00,
         1.04482066e+00, -2.76746684e-01, -3.38101427e-01,
         4.07513255e-01, -5.44307168e-01,  6.07126119e-01,
         9.38877432e-01,  4.17841579e-01, -9.28472652e-01,
        -9.43245548e-01,  8.78609594e-01, -3.98993542e-01,
        -2.19758296e-01,  4.93123002e-01, -6.26934172e-01,
         3.80920935e-01, -1.16864504e+00, -5.68508855e-03,
         2.04144014e+00, -6.17163659e-01, -4.81582077e-01,
        -2.91337595e-01,  1.31843308e+00,  4.45674853e-01,
        -3.26866845e-02, -2.06252004e-01, -1.04443215e+00,
        -9.92213739e-01, -1.67415424e-01]]), array([3.1171])]]
Dataset str(6)
Time elapsed in seconds
0.5970587730407715
[146, [array([[ 1.00051524,  0.29044391,  1.67731419, -0.98334364, -0.38393948,
         0.45524739,  0.35959112,  0.77223059, -0.03530548, -0.18415392,
         0.01962421,  0.84328617,  0.95777736, -0.33827711,  0.20852548,
        -1.01022503,  0.72779042, -0.13380667,  0.95057998, -0.60793757,
        -1.39987362,  0.29196438,  0.33230148,  0.53331945,  1.08821216,
        -0.41431262,  0.65426941, -0.13151434, -0.49717114,  0.4390381 ,
        -0.3793353 ,  0.53160912,  0.13295325, -0.21314286,  1.51558687,
        -0.23398986,  0.08627234,  0.10106455, -0.24727895, -0.67165586,
         1.0932639 ,  1.14292324,  0.65520978, -0.00310681,  1.02613761,
         1.0703361 , -0.36880077,  0.29631393,  0.27598371,  0.23997273,
         0.08673669, -0.58082251, -0.27001149, -0.29266224, -0.06008609,
        -0.88615051,  1.46688953, -1.15093593,  0.2265192 , -0.87853121,
         0.21572488,  1.60409245,  0.28201417,  1.06821399,  0.74577309,
        -0.17352481,  0.29315266, -0.05946558, -0.15108426,  0.49431643,
        -1.55240183]]), array([1.50378138])]]
Dataset str(7)
Time elapsed in seconds
0.5671627521514893
[146, [array([[-0.87059701,  0.03577592, -2.09747206, -1.36664955, -1.74776764,
         0.10992824, -1.15813061, -1.34810625,  0.27697085, -1.29144692,
        -0.2865981 , -0.64399131, -0.78529527,  0.61961152,  0.15394101,
        -0.390644  , -0.85760342,  0.28848734, -0.17893682,  0.02903904,
        -0.38429776, -1.65300527, -0.71878778, -0.0107964 , -0.26900444,
        -0.25075907, -1.71775488, -0.81801617, -0.86051248, -0.46674908,
        -1.26769021,  1.05057444,  0.29081946, -0.38926639, -0.47823686,
        -0.16090005,  0.31976686, -1.35060982,  0.26632227, -1.06057945,
        -0.80863753, -0.70151654, -1.25325453,  0.08109555,  0.45783818,
        -1.40854391,  0.52281492, -1.26739613, -0.57003746,  0.28781069,
        -0.64685245, -0.81001189,  0.19504744,  0.20642944, -1.10494021,
        -0.49836298, -0.31233133, -0.36579275, -1.30046945,  0.78297923,
         1.02615476,  0.80390388, -0.07480573,  0.18568534, -0.58220113,
        -0.42649697,  0.01268957, -0.13174964,  0.50234424,  0.1457018 ,
         0.18363566]]), array([4.56651818])]]
