Dataset str(0)
Time elapsed in seconds
6.0431883335113525
[19, [array([[ 4.69808022e-02,  4.13725017e-01, -9.58528729e-01,
         4.93655978e-01,  5.89947870e-01,  3.15836689e-01,
        -4.16953217e-01,  1.34015163e+00,  3.69945011e-01,
        -5.27507731e-01,  5.14839148e-01, -2.86708457e-01,
         3.59620879e-01,  1.38432169e+00, -2.65612258e-01,
         7.25677823e-01, -7.23636535e-01,  2.64549477e-01,
        -4.19538141e-01,  1.50531543e+00,  9.48473766e-01,
         9.45743967e-01,  4.43455214e-01, -1.04493657e+00,
         1.65350569e-01,  2.93650969e-01, -4.52969806e-01,
        -1.00655881e+00,  1.17099579e+00,  6.15022400e-04,
         4.94357238e-01, -3.89154762e-01,  1.61240622e+00,
        -1.41705639e-01,  2.13258460e-01,  2.07276574e-01,
        -3.53730631e-01,  2.85477549e-01, -1.20452724e-01,
        -1.57036870e-01, -3.16125903e-01, -9.28700755e-01,
         1.46534093e-01, -1.18149144e-01,  6.80228627e-01,
        -1.45796940e+00,  1.51067133e+00, -1.09822394e-01,
         6.97352120e-01, -4.24852057e-01, -7.11051618e-02,
        -2.28725638e-01,  8.38716875e-01,  3.48156940e-01,
        -6.91963662e-01, -3.70338260e-02,  1.59153044e+00,
        -8.46460949e-02, -4.66857322e-01, -1.45808548e-01,
         1.23547808e+00, -9.14686101e-01,  5.38872696e-02,
         6.74632895e-02,  8.73786642e-02,  1.36715147e+00,
         9.68456415e-01,  5.35771056e-01,  5.52776998e-01,
        -1.03939673e-01,  5.80926524e-01,  1.70980635e-01,
        -1.50414691e+00, -2.81080515e-01,  1.72445347e-01,
        -1.33685810e+00,  1.75606100e-01, -7.94139211e-01,
        -1.60535240e-01, -1.05722027e+00,  9.15708933e-01,
        -1.57223796e+00,  6.48597579e-01,  1.84737772e+00,
         1.15103335e+00,  2.18165157e-01,  9.38723130e-01,
        -2.79277978e-01, -2.10129655e-01, -2.26314378e-02,
        -3.30686110e-01,  3.72003114e-01,  9.44451478e-01,
        -2.03055032e-02,  7.21487438e-01,  1.54824471e-01,
         1.01418648e+00, -3.92424771e-01, -3.96529587e-01,
        -1.21720679e+00, -1.03101370e+00, -1.04048841e+00,
        -1.84218039e+00,  3.79498267e-01, -5.71200070e-02,
         2.07294847e-01,  1.05556440e+00, -2.95510149e-01,
        -1.16775065e+00,  2.71672159e-01, -7.15913805e-01,
         2.77325954e-01, -1.52752900e+00, -1.02901585e+00,
         4.95708763e-01, -1.34434694e-02,  6.80182514e-01,
         6.16571742e-01,  3.85382226e-01,  7.48340299e-01,
         9.94519569e-01, -1.20830380e+00, -7.32233914e-01,
         3.66398631e-01, -1.05937237e+00,  2.82820270e-01,
         4.91476555e-01, -1.93909629e-01, -5.21284823e-01,
         3.05599229e-01, -4.27137532e-01,  7.09158101e-01,
        -4.23295271e-02, -1.10551840e+00, -6.01756926e-01,
         1.31531456e+00,  2.55216458e-01, -5.61644375e-01,
         1.45379748e+00,  1.51322546e+00,  8.75883961e-01,
        -1.63356519e+00, -2.44716695e-01,  4.59094687e-02,
         4.76300565e-01, -4.88478080e-01, -1.42732064e-01,
         3.25224973e-02,  5.48557225e-01, -1.15227158e+00,
         8.10024552e-02,  5.21567848e-01, -6.73004997e-01,
         3.91275675e-01,  4.50226052e-01, -2.07499981e-01,
         2.10895952e-01, -2.84320096e-01, -4.82597504e-01,
        -1.93260848e+00,  6.56876812e-01,  1.77343789e-01,
         5.02202907e-01,  5.27144638e-01,  2.17187209e-01,
         1.01959002e+00,  1.38087765e+00,  3.42923969e-01,
         3.06933566e-02, -1.25979818e+00, -9.92086363e-01,
         5.02624389e-01, -1.71236925e-01,  1.77614327e+00,
         6.56206639e-02, -3.26153219e-01, -4.39991314e-01,
        -1.10240218e+00, -1.20245452e+00, -8.22584827e-02,
        -4.06851081e-01,  2.02179793e+00,  5.89995235e-01,
         5.38617441e-02, -8.65917444e-01,  2.04423543e+00,
         8.45273368e-01, -4.33850030e-02, -5.50148786e-01,
         5.20405994e-01,  7.03505677e-01, -3.48653937e-01,
        -5.04672694e-01,  8.26958846e-02, -1.57120542e-01,
        -2.35170000e-01,  6.74922638e-01, -9.89873345e-01,
         8.60297555e-01, -4.50561356e-01,  1.85796720e-01,
        -5.68649414e-03,  2.36990389e-01,  1.23190348e+00,
         1.32518185e-01,  5.88771443e-01,  6.88355995e-01,
        -5.15312381e-01,  1.96049780e-02, -1.57426405e-01,
         1.05920744e+00, -4.99678159e-01, -1.42068703e+00,
        -5.04551890e-02,  3.00895345e-01,  2.98294808e-01,
        -1.38817108e+00, -2.94706134e-01,  4.25303575e-01,
         7.79653279e-01,  5.42161332e-01, -5.65969634e-01,
        -3.94462555e-01,  5.52949424e-01, -6.32774168e-01,
        -3.72815877e-01,  5.61430224e-01, -9.28247105e-02,
        -2.31862957e-01, -4.25864747e-01,  7.32942207e-01,
         4.30602765e-01, -1.87359412e+00,  6.02618144e-01,
        -3.70368096e-01,  7.34924233e-04, -5.35402688e-01,
         2.71853796e-02,  3.56480670e-01,  7.75840048e-01,
         1.51839199e+00,  9.55192579e-01,  6.02955963e-01,
         3.92318641e-01,  7.85805203e-01, -5.38094161e-01,
         1.92193680e+00,  8.08256897e-02, -5.39648418e-01,
         1.36165742e+00,  8.32644670e-01,  1.53525197e+00,
        -3.35801838e-01, -1.07581205e+00,  5.82693348e-01,
         8.88655608e-01, -3.14320267e-01,  9.38065845e-02,
        -1.31054066e+00, -1.31117645e-01, -3.74735910e-01,
         6.34123332e-01, -3.44252747e-01,  7.51559360e-01,
         8.25724366e-01, -2.93383429e-02, -2.67519493e-02,
        -2.99915884e-01,  7.58521878e-01, -7.92269930e-01,
        -2.69390433e-01, -2.90707117e-02, -1.02791587e+00,
        -9.61565509e-01,  8.28282942e-01,  5.40534675e-01,
         1.18567886e+00,  1.42896728e-01,  1.42747118e+00,
        -1.33816092e-01, -2.81561836e-01,  1.86370474e+00,
         6.80632690e-01,  1.22086110e+00, -4.32647363e-01,
         5.36632663e-01, -9.69606531e-02,  1.41290484e+00,
        -3.55021564e-01, -6.10947095e-01, -7.30700841e-02,
         2.44798115e-01, -1.89487822e-02, -3.14370774e-01,
        -6.28159028e-01, -4.09464512e-01,  7.44883023e-01,
         2.07200358e-02,  4.54964220e-01,  4.03953009e-01,
         3.44306832e-01, -4.78414049e-02, -1.17715823e-01,
         1.31675345e+00,  7.38412847e-01,  1.89536864e-02,
        -2.01759148e-01, -4.13181406e-01, -9.22902304e-01]]), array([229.52855767])]]
Dataset str(1)
Time elapsed in seconds
1.5653936862945557
[19, [array([[-3.34056893e-03,  5.20549804e-01,  4.60940208e-04,
         1.27789583e+00,  2.09731232e-01,  6.23919468e-01,
        -7.46603042e-01,  2.71952289e-01,  1.16736836e-01,
        -2.91705841e-01,  2.98907082e-01,  6.29330555e-02,
         2.39675003e-01, -3.39357950e-01,  2.87241599e-01,
         2.36346289e-01,  5.43129197e-01,  1.04605595e+00,
        -3.89753959e-01, -5.98182677e-02,  4.52296299e-01,
         1.15962987e-01,  2.28336774e-01,  6.58762560e-02,
         9.16987763e-02, -2.09652337e-01,  7.81606558e-01,
         9.97345621e-01, -4.64814439e-02,  1.73578987e-02,
         5.48803643e-01,  2.12289172e-01, -7.06358171e-01,
         5.32538380e-01,  2.78674762e-02, -7.07783497e-01,
         3.60922331e-01,  6.94476495e-01, -1.48936042e-01,
        -3.90228439e-04, -5.59723508e-01,  9.45373835e-02,
        -4.42834363e-01, -1.03049865e+00,  9.60714851e-01,
        -4.48231778e-01, -2.21792144e-01, -1.31743060e+00,
         2.67704776e-01, -4.09228855e-01,  9.99141668e-01,
         5.81689545e-01, -1.84915306e-01,  1.17947476e-01,
         6.80800515e-02, -8.42527114e-02, -7.59694816e-01,
        -7.24201128e-01,  1.05654932e-01,  5.57682193e-01,
        -5.20903394e-01,  6.41795559e-01, -1.02397144e-01,
        -3.36984194e-01, -4.52306105e-01, -2.56197905e-01,
        -5.31607289e-01, -1.55852997e-01, -4.47391723e-02,
        -7.48861694e-01,  4.31479425e-01, -1.49164224e+00,
        -1.31097907e-01,  1.05126594e+00, -5.21735725e-01,
        -5.69515894e-01,  3.00840872e-01,  2.28517640e-01,
        -2.40244367e-01, -3.81151442e-01, -1.14131712e+00,
        -6.46356692e-01, -3.55386648e-01,  1.15108135e+00,
        -6.09036406e-02, -2.68208055e-01, -9.44334839e-01,
        -3.73106474e-01, -6.88835890e-03, -1.14349243e-01,
        -1.28528631e+00, -1.19088642e+00,  4.89899677e-01,
         2.58995577e-01,  6.83318642e-02, -5.86805150e-01,
        -5.34528740e-01,  3.20645168e-01,  9.49758420e-02,
        -2.74814046e-01, -4.65937368e-02, -7.84858435e-01,
        -1.09817594e+00, -1.00361769e+00,  6.00877215e-01,
         5.19931715e-01,  4.48680700e-01,  5.11916587e-01,
         1.30962160e+00,  4.63780248e-02,  2.97006461e-01,
        -1.31754689e+00, -2.37619626e-01, -1.27281941e-01,
        -7.03528422e-01,  6.56813815e-01,  5.24292572e-01,
        -1.20005079e+00,  2.57186057e-01,  3.59083110e-02,
        -6.88657781e-01,  6.77412813e-01, -5.16822994e-01,
         1.31262863e-01,  3.29002987e-01, -6.49909613e-02,
        -3.94249770e-01,  1.24055489e+00,  5.32686302e-01,
        -3.11495968e-01, -2.40017124e-01, -1.37862805e-01,
         3.21647390e-01,  5.46512603e-01, -1.36920289e+00,
        -2.26216631e-01, -6.59806345e-01, -2.32942429e-01,
         5.43506294e-01,  1.52835261e+00,  5.24916074e-01,
        -7.37243968e-01, -1.66162668e-01,  1.75932400e-01,
         6.45209953e-01,  7.03557873e-01,  5.75253805e-01,
        -9.29555063e-01,  5.07147614e-01, -3.86582146e-01,
        -1.00822453e+00,  3.04668025e-01,  9.52004445e-01,
         7.93118224e-01, -1.18827544e+00, -6.09465500e-02,
         4.01756103e-01, -1.59984876e+00,  3.32548271e-01,
         1.12898785e+00, -4.60482567e-01, -1.74432846e-01,
         3.88598222e-01,  2.08839295e-01,  5.12144713e-01,
         6.30356321e-01,  3.38776071e-01, -2.64223573e-01,
        -6.87518012e-01,  1.44560761e-01, -1.49439754e-01,
        -1.00974384e-01,  5.47517568e-02, -6.13142583e-01,
        -4.14569333e-01,  8.40303900e-01, -1.95853229e-02,
        -1.50185085e-01,  7.27249750e-01,  9.79107141e-01,
         2.36133906e-01, -8.51389125e-01,  5.08365286e-01,
         5.31269729e-01,  3.74969330e-01, -4.33435942e-01,
        -6.78575407e-01,  8.51515152e-01, -6.31596631e-01,
        -6.32667941e-01, -8.99276630e-01,  1.36374017e+00,
         1.70579665e-02,  7.49096311e-01,  1.25852484e+00,
         9.12008079e-01, -1.10539890e-01,  4.45565391e-01,
        -1.27612895e+00, -1.95560871e-01, -6.20504872e-01,
         9.12236542e-01, -9.94262081e-01,  1.75543260e-01,
         6.21938184e-02, -2.97340044e-01,  4.30053622e-01,
         2.03936606e+00,  8.71894526e-01, -4.21056535e-02,
        -1.41770432e-01, -3.35629944e-01,  1.00748444e-01,
         2.02433827e-01, -1.66875154e-01, -2.49528145e-01,
        -2.57865910e-01, -5.71113425e-01,  1.10386620e-01,
        -4.63880914e-01, -3.37039488e-01,  2.73140551e-02,
        -4.18233586e-01, -4.30449791e-01, -5.44290992e-02,
         5.69102279e-01, -7.37787134e-01,  7.24053836e-01,
        -2.18476525e-01,  6.62814540e-02,  4.45299200e-01,
        -3.59288821e-01,  1.44769453e-01, -3.58048226e-01,
        -3.46353240e-01,  3.31587521e-01,  7.50999334e-02,
        -2.19204013e-01,  6.59459862e-01, -6.99518655e-01,
        -1.23821458e+00,  3.44215913e-02,  8.80823274e-01,
        -8.90154114e-01, -9.41399864e-01,  6.10017688e-01,
        -4.83464258e-02, -2.70241166e-01, -9.08087166e-01,
         5.59823611e-01,  3.86508935e-01,  4.08192133e-02,
        -6.91380572e-01, -7.69134622e-01, -1.87558160e-01,
         6.11404615e-02, -5.86823981e-01, -2.82798781e-01,
        -1.07610958e+00,  4.45454665e-01, -8.66721607e-01,
        -4.49995692e-01,  8.95443982e-01, -1.85281471e-01,
        -9.20989468e-01, -5.70058701e-01,  3.79255070e-01,
        -2.86878447e-01, -8.02993998e-02, -1.02029147e+00,
         4.40286720e-01,  6.48113465e-01,  1.83141720e-01,
         7.97636505e-02, -1.52163662e-01,  5.31424246e-01,
         1.61918544e-01, -2.87517713e-01,  3.02726828e-01,
         3.21395400e-02,  2.21460968e-01,  2.58344898e-01,
         1.88294737e-01, -1.21740791e+00,  8.94618892e-01,
         4.62815625e-01, -7.61028142e-01, -1.05376844e+00,
         2.65284060e-01,  3.60194286e-01, -6.05473057e-01,
        -6.46561905e-01, -4.97787723e-01,  1.52023352e-01,
        -1.59603456e-01, -3.61818286e-01,  2.60947707e-01,
        -2.13263037e-01,  8.58815445e-01,  1.27887958e+00,
         5.47260350e-01, -3.51636059e-01,  8.13794863e-02,
        -3.64935642e-01,  3.10791599e-01,  4.83328544e-01,
        -4.71772341e-01,  2.31798432e-01, -1.07096266e+00]]), array([343.72693681])]]
Dataset str(2)
Time elapsed in seconds
0.9206278324127197
[19, [array([[ 0.08921947,  1.16578259, -1.00415825,  1.54341441, -0.40175402,
         0.19860306,  0.3031192 ,  1.47864714,  0.83330685,  0.95134463,
         1.84223366,  0.14126815, -0.82420766, -0.36418895, -0.20413809,
        -0.01008832, -1.17531606,  1.22134518,  1.22011535, -0.94944291,
         0.69221406, -1.31996149, -0.62659191,  0.61600485,  0.51444581,
        -0.12883852, -0.63088573, -0.56382694, -0.85094781,  1.09680988,
         0.23018684,  0.62732637, -1.24066689,  0.4965868 ,  0.21743558,
         0.62214587,  1.23959512, -0.08312782,  0.80319826, -0.32670972,
        -0.64761287, -0.65706847, -1.03550238, -0.05784335,  0.35162358,
         0.17783453,  0.48874688, -0.04948579, -0.39939897,  0.18126434,
        -0.38766394, -1.20503766,  0.80845416,  0.68166433,  0.77769545,
         1.94449285,  0.45589549,  0.10139994, -0.15395801, -1.84473729,
         0.62819629,  0.41366388, -1.91039425, -0.39712057, -0.3226213 ,
         1.13153699,  0.39933932, -2.00478772, -0.4244684 , -0.40221007,
        -0.04708922,  0.18233029, -0.46903424,  0.68523631,  0.83323165,
        -0.20339536, -0.9341588 ,  0.06658118, -1.44426484, -0.01222213,
        -0.2051769 ,  1.11952166, -0.49078952, -0.59234712, -0.39448506,
        -0.48742117, -0.63094932, -0.2422181 , -0.93142673,  1.37693826,
         0.55538547,  1.1491914 , -0.07236625, -0.28506716,  1.16727993,
         1.21406382, -0.12039824,  0.94415238,  0.2189195 ,  0.50298341,
         0.14436213,  1.21937632, -0.16790636, -0.87082596,  1.00981563,
         2.30320407, -0.79312888, -1.60300396, -0.79435125, -0.14872602,
        -1.49265035,  0.43608527,  0.01878566,  1.93400424,  0.19836629,
        -1.64983312, -0.89453249,  1.51401049,  1.70943095,  0.24328568,
        -1.13393899,  0.84164842,  1.33378538,  0.42260839, -0.14163365,
         0.58395047, -0.73295667,  1.08363211,  0.93409171,  0.06013345,
         0.60822095,  0.68704809, -0.96846362,  0.35665206, -0.11466542,
        -1.05566586,  0.84231691,  0.3894241 , -0.60727373,  1.78610436,
         1.53042174,  0.27525141, -1.30132981,  0.71884637, -0.24244119,
         0.50523551, -2.31947523,  0.03184713, -0.68793136, -0.43606999,
         0.11846179, -1.12183459, -0.22007267, -1.93997423, -0.12250434,
        -0.5139015 , -1.45550146,  0.01336257, -0.05833226,  0.85215205,
         1.06667405,  0.01717897, -0.44075407,  0.21555612,  0.87777749,
         0.28613101,  1.46479085, -0.5073313 , -0.57727002, -0.57162029,
         0.42935704, -0.10933314, -0.69491495, -1.42360783, -0.19022936,
        -0.42245935,  2.52786042,  0.03986735, -0.17982855,  0.95378961,
         0.31701389, -0.89662892,  1.00420117,  0.54081497, -0.50790676,
         0.99581435, -0.69186322, -0.70078688,  0.09842238, -0.32451298,
        -1.27375442,  0.62064519, -0.31239059,  0.7820049 , -1.35284535,
         1.4581394 , -0.35230958, -0.86825333,  0.32088947, -2.41291942,
        -0.48380922, -1.87196344,  0.74198111, -1.88397342, -1.39126179,
        -0.91273331, -1.44063949,  0.82847782, -0.0511347 ,  2.54504812,
         0.18620735, -0.49865591,  0.675502  ,  0.42604815,  1.70804945,
        -0.84744253,  0.19183621, -2.06031538,  0.30869312,  1.24775251,
        -0.67935331, -0.89221106,  0.17308256, -0.95074914, -0.50156843,
        -0.81010753, -1.67245705, -0.22371455,  1.02979866, -0.18754997,
        -2.11352966, -0.90652514,  0.93072653, -0.2355836 ,  0.4244618 ,
        -1.75287066, -0.0998631 , -0.77923939,  0.42268176, -0.78981919,
        -0.1499926 ,  0.3529153 , -0.57344951,  1.23254483,  0.28845873,
        -0.94480452,  0.63773425,  0.3707391 ,  0.04758578,  0.41544592,
         0.44558417, -0.39578521,  0.69586312,  0.46465209, -0.09081593,
         0.12342569,  0.76119283,  0.16648771, -1.40880848, -1.1351921 ,
        -0.22706681, -0.97689626,  2.03779273, -0.62403492, -0.35160159,
         0.36665222,  0.20976287, -0.73131588,  0.66949527, -0.54448462,
         0.36782443,  0.04402208, -0.05200326, -0.85582389,  0.18958295,
         0.49062175, -0.21656424,  0.24716956,  1.90445883,  0.57167171,
         0.61157738,  0.43354771,  0.56233016, -0.07361948,  1.40873206,
        -0.48216708,  0.20040098, -0.28833409,  1.08062448,  1.19204619,
        -0.27956951, -0.87506266,  0.2049198 , -0.14253065,  0.08091292,
        -1.31322565, -0.91824751,  0.13656575,  0.4549387 ,  0.4250033 ,
         0.22603588, -0.64896342, -0.30203368,  1.06249318, -0.14104343,
        -0.26031442,  0.4790418 , -0.25262582,  0.01874225]]), array([51.75369192])]]
Dataset str(3)
Time elapsed in seconds
0.7066605091094971
[19, [array([[ 0.01425723, -0.3740284 , -0.80098922, -0.21765049, -0.94991374,
         0.71032063, -0.31041847, -0.06914661, -0.35842716,  0.59926048,
        -0.25585477,  0.50458185,  0.98090009,  1.57283207,  0.90109624,
        -0.28252154, -0.41517322, -0.09760203, -0.46803387,  1.71157961,
         0.09268368,  0.87291206, -0.59709434,  0.14915669,  0.80114601,
         0.93731969,  0.53096118,  0.13135003, -1.43891374,  0.71407634,
         0.12746293,  0.88178187,  0.67380676, -0.17149493,  1.08650726,
        -0.33592819,  0.18097563,  0.32533572, -0.26106207,  0.85759329,
         0.06781164,  0.45478169,  0.7332213 , -0.37185294,  0.80509426,
        -1.49808238, -0.17185067,  0.56882578, -0.71433828,  0.46798096,
         1.14829603,  0.25535681,  1.9493066 ,  0.04480188,  0.59195809,
         0.19072168,  0.52182245, -1.42614308,  3.7047654 , -0.66850873,
        -1.40578302, -0.09956813,  0.36858581,  1.57034941,  0.51897359,
        -1.00493376,  2.58978463, -0.01208249, -1.08158098, -0.61433381,
         1.01530574,  0.56152873, -1.05585414, -0.9272394 ,  0.62035385,
         0.06453051,  1.40836458,  0.83228883,  0.51871284, -0.26215702,
         0.88490688,  0.18856969,  1.81868521, -0.75959554,  0.46659209,
        -1.16929846, -0.50166136, -0.99683594,  0.87368657, -0.04979444,
         1.05355569, -2.11262616,  0.29439057,  0.36240934,  1.65693048,
         1.30529417,  1.44687468, -0.26401178, -1.14308363,  1.42465169,
         0.03914239, -0.36683778,  0.8428805 , -0.63375563, -0.24510838,
        -1.75500066, -1.62727571,  0.83538282, -0.08685335,  0.69396175,
         0.42451422,  0.53635963,  0.27659876,  1.13084469,  0.56216629,
         0.6745013 ,  1.04198466,  1.35448081, -0.26140795, -1.23493899,
        -0.40238827,  1.65322185, -0.37635944,  0.46677446,  0.12801131,
         1.27482061, -0.28249756,  1.61130704,  0.23770782, -0.4750195 ,
         0.69916271, -1.98985191, -0.68810096,  1.12723279,  1.0354278 ,
         1.69162094,  1.0790633 ,  1.01708555,  0.2936721 , -0.704127  ,
         1.55895747, -0.77062114,  1.05447755,  0.11987034,  0.46319636,
         0.3017271 , -0.45235341,  1.10209361, -0.20674755,  0.2282088 ,
         1.31200736, -0.53990569,  1.62354909,  0.57193381,  0.96137846,
         1.9588913 ,  0.24534958, -0.03950215, -1.46703926,  0.51090494,
         0.50414678,  0.22956521,  0.61412351,  0.26641052, -0.54939938,
         1.35500845, -0.66346468, -0.83091862, -1.04594889,  0.30750174,
         2.04998124, -0.36905122,  0.58952425,  0.157673  ,  0.38417377,
        -0.7287302 ,  1.60417484,  1.46857218,  0.48429322, -2.01385126,
         0.18695093,  0.8471486 , -1.09260284, -0.24528854,  2.57637677,
         0.65674433,  0.07274768,  0.43416346, -0.20250155,  0.33257333,
        -1.65364464,  0.69239298, -0.95122558,  0.84287051, -0.33984052,
         1.46998369,  1.22444884,  2.10476695,  0.37550026, -0.29469954,
         0.50794988,  0.18964958, -0.70391933, -0.51957021,  0.46825764,
         0.94330501,  0.45233809,  0.38231525,  0.81420345, -1.59107552,
        -0.6937813 ,  0.49627105,  1.05796215,  1.07508742,  0.55519736,
         1.38251509,  0.82879686, -0.48935814, -0.47178917,  0.14066258,
        -1.39806362,  1.57267115,  0.6632539 , -0.35760029,  1.34003   ,
         0.18392829, -0.19357892, -0.81431956, -1.71280926, -0.0106588 ,
         1.13671694, -0.44843119, -0.47490691, -0.88562922, -0.0136575 ,
        -0.63653993, -1.21600483, -0.05443807, -0.25259846,  0.52131782,
         0.96035766, -0.41896371, -2.64369354,  1.54804442,  1.57080419,
        -0.35203307, -1.15506551,  0.77808189,  0.38207146,  0.50793326,
        -0.66156271, -0.34975643, -1.46512307,  0.44142111,  0.38938071,
         1.82762291, -1.22679419,  0.18159421, -1.42545472, -0.9375946 ,
         1.7173088 , -0.12933582,  0.23153815,  0.5439721 , -0.09245199,
        -0.18213207,  0.35486356, -0.46005397,  1.07125766,  1.45414165,
         0.72721218,  1.01772049, -0.38578803,  0.73147069,  1.03703481,
        -0.45623377,  0.4186194 ,  0.57704335,  0.85179527, -0.13327924,
        -0.01144026,  0.36546911, -0.216783  ,  0.26762028, -0.63697223,
        -0.98171307, -0.83027512,  0.10237595,  0.68878086,  0.10735047,
         0.18830699,  0.72267472,  1.20938627, -0.18731447,  0.26253882,
        -0.292391  , -0.23042482, -0.90477458, -0.09095784, -0.15513721,
        -0.77131127,  0.97042844,  0.77864376, -0.02140047, -0.18380408,
        -2.69596675, -0.24555193,  0.29942418,  2.77437543]]), array([84.09199345])]]
Dataset str(4)
Time elapsed in seconds
0.5708305835723877
[19, [array([[ 7.95330946e-01, -3.82933713e-01, -1.03239243e+00,
         9.43534663e-01, -1.07747304e+00, -2.50297213e-01,
        -6.69458992e-01,  1.48869265e+00, -3.67475307e-01,
         3.43380644e-01,  7.05083619e-01,  1.66235962e+00,
         7.93502465e-01,  9.52777274e-01,  2.98865412e-01,
        -6.19593427e-01,  1.85947889e+00, -1.32620898e+00,
        -1.60389843e+00,  1.24558354e+00,  3.10858791e-01,
         9.15506636e-01,  5.68213170e-01,  4.44916074e-01,
         9.35701007e-01,  4.78328705e-01, -2.53915509e-01,
         1.55513998e+00, -6.74934661e-01,  7.82315411e-01,
        -3.12412486e-01,  4.95030629e-01,  2.89811656e-01,
         9.01016261e-02,  7.37141794e-01, -1.04045346e+00,
         2.83030170e-01, -1.15620114e+00,  3.01064550e-01,
         6.33824607e-01,  1.55834599e-02, -1.00074692e+00,
         6.79779600e-01, -2.84974597e-01, -3.34668276e-01,
         8.40641749e-01,  7.00461798e-01,  2.09810151e-01,
         8.94902172e-01,  1.39003042e-01, -1.06794415e+00,
         2.92546641e-02,  2.07200306e-01,  2.53983051e-01,
         1.72746202e-01,  1.30288367e-01, -1.09167735e+00,
        -1.06952298e-01,  5.92444583e-01, -9.20461967e-01,
        -1.63876171e+00,  7.94245425e-02,  7.38352253e-01,
        -5.77015094e-01, -4.18000039e-01, -1.62998298e+00,
         4.12284158e-01, -1.93794847e+00, -1.27162773e-01,
        -1.94480202e+00, -1.57611900e-01,  6.28529273e-01,
         4.92056647e-01,  9.19088588e-01,  1.46081924e-01,
        -3.83587059e-01,  1.24507262e+00,  7.03840662e-01,
        -1.30390067e+00, -1.72270095e+00,  6.50137793e-01,
         1.85090270e+00,  7.58551686e-01,  2.35168785e-01,
         1.27121972e+00, -3.77457784e-03,  8.13692390e-01,
        -1.73398001e+00,  9.80216574e-01,  5.61261390e-01,
        -1.28914230e-01,  4.33873333e-01,  1.79761578e+00,
         7.43565169e-01, -4.72074256e-01, -2.08374091e-01,
        -5.43438738e-02,  7.82298924e-01, -8.26994096e-01,
         5.95657489e-02,  6.20175347e-01,  8.23573161e-01,
        -2.66007601e-02, -1.21252852e+00,  2.90027195e-01,
        -1.37834244e-01, -1.16684944e-02,  2.31757453e-01,
        -1.43797327e+00,  1.59990374e+00,  3.01835947e-02,
        -1.00576429e+00, -1.59754020e+00,  8.25549644e-01,
        -4.51501530e-01, -4.45415181e-01,  1.44205467e+00,
        -1.59682128e-01,  1.51512913e+00,  4.29142032e-01,
         1.42150137e-01,  1.32458605e+00,  8.23741881e-01,
         1.25492768e+00, -4.44374113e-01,  4.24553114e-01,
        -8.73098483e-01,  6.88696654e-01,  4.16589845e-01,
        -8.46175238e-01,  1.40873745e+00,  4.47207352e-01,
        -5.56773310e-01,  1.00457568e+00, -2.76569129e+00,
        -7.16526163e-01,  2.11860774e-01, -1.20876384e-01,
        -8.20225296e-01, -2.16550391e-01, -1.09799212e+00,
         7.04412956e-01,  4.77863023e-01,  5.58219990e-01,
        -5.80352209e-01, -1.79767370e-01,  1.15337440e+00,
         1.05265134e+00,  1.79179144e-01,  4.51128655e-01,
         6.51295193e-01, -1.23552330e+00,  3.38249668e-01,
        -1.04732391e+00, -8.97633203e-01, -7.17345295e-01,
         1.23713290e-01,  6.85171253e-01,  5.61608839e-01,
         4.52385524e-01,  5.79768600e-01,  9.96434242e-01,
         1.43972993e+00,  1.09081701e+00, -6.96479534e-01,
         5.71607521e-01,  9.11309879e-01, -5.58967446e-02,
        -3.41268727e-01,  4.16732528e-01,  4.50389245e-01,
        -8.99266477e-01,  2.83757742e-01, -1.57206217e+00,
        -2.27340840e-01,  3.50198040e-01,  1.67325102e+00,
         8.43944102e-02, -7.71759139e-01,  2.49985995e-01,
         1.74753097e-01, -8.30253677e-02, -9.15923332e-01,
        -1.74837315e-01,  7.57316863e-01, -1.08132107e+00,
         1.02035480e+00,  1.14576031e+00,  4.39890928e-01,
        -5.77874417e-01, -9.33172166e-01,  6.80613406e-01,
         5.35813125e-01,  9.65431572e-01,  5.33091305e-01,
         5.06263379e-01,  4.14145448e-01,  7.80368643e-01,
         1.16087200e+00, -1.44694885e+00, -1.33297808e+00,
         1.79011369e-01,  8.45668055e-01,  8.12106513e-01,
        -4.46390859e-01,  3.39414707e-02,  7.16600296e-01,
        -4.48571510e-02,  2.28295977e-01,  1.47293437e+00,
         5.24643452e-03, -3.36703495e-01, -2.94227318e-01,
         3.84429659e-01, -9.78999668e-01,  1.77231934e-02,
        -1.74251538e+00,  1.08756872e+00, -3.65782666e-01,
        -4.01935665e-01, -5.13883391e-01,  1.65442920e-01,
         6.89536576e-01, -5.88829549e-01,  3.08038571e-01,
        -5.16423141e-01,  8.31937924e-01, -3.13360106e-01,
        -1.15959192e+00,  1.23101249e-01, -1.24881638e-01,
        -6.59430452e-01,  5.43369475e-01, -7.36426382e-01,
        -1.93136270e+00, -1.53133738e-01, -1.01888782e+00,
        -5.39208339e-02, -9.65881351e-02, -1.70105709e+00,
        -5.71424246e-01, -6.62982225e-01,  2.98906204e-03,
        -1.05620214e+00,  1.36002070e+00, -8.52207214e-02,
         3.89283777e-02,  2.52047252e-01, -3.44119488e-02,
        -1.38141697e+00,  5.61749755e-01,  2.91264282e-01,
         5.85394984e-01,  7.17565946e-01,  5.91900321e-01,
        -1.60056759e+00, -1.72932266e-01,  4.39055977e-01,
         5.86479271e-02,  1.06507864e+00, -6.20952207e-01,
        -3.69355467e-01, -1.01003468e-01,  1.53419334e+00,
        -1.18481786e+00, -4.39292084e-01,  1.50166290e+00,
        -1.56731882e+00,  4.08378443e-01, -1.35288965e+00,
        -3.31876639e-01,  1.48684157e-01, -2.11762285e+00,
        -1.38328662e-01,  1.76711909e-01,  4.23385737e-01,
         3.97255682e-02,  4.61476127e-01,  4.86332775e-01,
        -6.55473949e-01, -1.45561793e-01, -1.42978942e+00,
         8.23754442e-01,  7.36641747e-01,  4.30704150e-01,
         5.98974145e-01,  6.94097238e-01,  8.06516671e-01,
        -2.34365858e-01, -4.57020893e-01,  1.21639848e+00,
        -4.00011039e-01, -1.15281273e+00,  3.00783516e+00,
         2.22611261e-01, -6.82857209e-01, -6.70946973e-01,
         8.81525888e-01,  1.48979016e-01, -4.76497987e-01,
         4.00011127e-01,  3.09971206e-01, -9.00872524e-01,
        -4.55228458e-01,  5.28331009e-01, -3.53042942e-01,
         4.00031336e-02,  5.97949389e-02,  5.20463345e-01]]), array([29.2728548])]]
Dataset str(5)
Time elapsed in seconds
0.374575138092041
[19, [array([[ 1.93194592,  0.68982618, -1.76608214, -0.16869599, -0.09568124,
        -1.2948692 ,  0.2472516 ,  0.10842392,  0.63641298,  0.02345092,
        -0.56506736,  0.09503504,  0.2361982 ,  0.13030304,  1.62339564,
        -0.62095246, -1.46846962, -0.63996102, -0.78493171,  0.78801286,
         0.11824249, -0.93770145,  0.87277979,  0.1627294 , -0.51140147,
         0.73894088, -1.50145328,  0.44002524, -1.47547579,  0.50338061,
        -0.80038619, -0.72492765,  0.20243105,  0.46622637,  0.46410127,
         0.69120262, -0.50746846, -0.03972018, -0.78233401,  0.7286889 ,
        -0.35326476, -0.45531116,  0.16735471, -1.86855464,  0.59587563,
         0.77689075,  0.41028754,  1.22192723, -1.26433698, -1.3330789 ,
        -1.1334191 ,  0.96146008, -0.79950472, -0.25533622, -0.64002011,
        -0.09367639,  0.58976773,  0.12929542,  0.08482362, -0.35265526,
        -0.61544057,  0.69099387, -0.63194337, -0.43117448,  1.11472715,
         1.04112007,  1.30242576, -0.07983496, -1.12994334, -0.14848291,
        -0.51608881,  1.09001169, -1.39246286,  1.83445158,  0.50534931,
         0.19823803, -0.16925737,  0.77219769,  0.17016304, -1.01812943,
         1.75234506, -0.1844752 ,  0.43270656, -0.42675599,  0.52435782,
        -0.29895311,  0.35884002, -0.55026064, -0.4053761 ,  1.30197447,
        -0.12514846,  0.2026564 , -0.4373813 , -0.32146932, -0.15620573,
        -0.10748947,  1.75473245, -0.40022237,  1.34137335, -0.91049537,
         1.14235637, -0.95272708, -0.304396  , -0.06408527,  0.42258676,
         0.83247309, -0.00370353, -1.31270059,  1.46990739,  1.23479274,
         0.03819761,  1.50639022,  0.72003715,  0.01871993,  0.53153402,
         0.35886522, -0.38773575, -0.79338771,  1.65842092,  0.67414515,
         0.2829659 , -0.76519274,  0.44795713, -1.04010685, -0.43329454,
         0.62287283,  0.53343177, -0.90062245,  1.11095366, -1.45752508,
        -0.72191224,  0.37162918,  1.85304777, -0.43653706, -0.1870467 ,
         0.32925016,  0.35524589,  1.05619884, -0.05583708, -1.13819432,
         0.41041778, -2.04682622, -1.00742542,  0.11513362, -0.79749008,
         1.5654911 , -0.59076549, -0.93712378,  1.64874422,  0.16509423,
         0.29835832, -0.14709522,  0.35832146, -0.13034582,  0.25509316,
        -0.94823074, -1.66819072,  1.41543506, -0.84946405,  0.21730632,
         0.62304973, -0.23908865, -0.5529691 , -0.27892555,  0.28693392,
         1.14569513,  1.1622874 , -0.59552254, -1.80683367,  0.38921083,
         0.0710829 , -0.52516584,  0.03620836, -0.7137722 ,  1.03991588,
        -0.01437625, -1.13607077, -1.45840758,  0.58302894,  0.1052102 ,
        -0.65948135, -0.26413529, -0.22814843, -0.63038298, -0.01575337,
        -0.65486299,  0.77297707, -0.00802046,  0.73111538, -1.52558461,
        -0.44254857, -0.10415781, -0.26484818,  1.452417  ,  0.97246218,
         0.50425223, -1.07905117, -0.50696959, -0.5455674 , -1.6822178 ,
         0.35860141, -0.9605321 ,  1.2350025 ,  0.03037542, -0.32492949,
         0.13974353,  0.27316158,  0.03861284, -0.5173492 ,  0.42671116,
         0.36150961,  0.22197152, -0.39369633, -1.46624945,  0.49244798,
        -0.21426254,  0.2351856 ,  1.26823253, -0.39005438, -0.77470878,
         1.79814232, -2.02037594,  0.84351697,  0.53191214,  0.33292543,
        -1.18109975,  1.4889248 ,  0.6229175 , -0.38382161,  0.31650393,
         0.50480674,  0.24196479, -1.69161233, -0.55294026, -0.12241836,
        -0.0497827 ,  0.65939457,  0.47313599, -0.32611309,  0.1319543 ,
        -0.47496192, -1.94114303,  0.70456936,  0.64498924,  0.66029654,
        -2.09488981,  0.55215164,  0.89114541, -1.41498128,  0.58214806,
        -0.97627015,  0.60130826,  0.98102697,  1.07185886,  2.16105312,
        -0.72020267,  0.49064469,  0.54047151,  2.41764817, -0.50395736,
         0.99695214,  1.21748638, -0.76128768,  0.55128002, -0.4671657 ,
        -0.08518753,  1.16783701, -0.49323657,  1.52936718, -1.24029976,
         1.48194595, -0.04058567,  0.12321375, -0.56677129,  0.35965675,
         0.12570287,  0.78809595,  0.96654374,  0.0951675 ,  0.66596458,
         0.61491224,  0.2412891 , -0.35373812,  0.53799977,  0.77075704,
        -1.34879435, -0.46087216,  1.94017902, -1.01851457,  1.23813483,
         0.43762943, -1.30881544, -0.33477821,  1.67365147, -0.62614585,
         0.29377989,  0.18929265, -0.32977932,  1.25730148,  1.39059508,
         0.19679192, -0.37618625,  0.72698527,  0.15031781,  1.43585122,
        -1.13757574,  1.22627591, -1.01005112, -0.11926619]]), array([7.40786189])]]
Dataset str(6)
Time elapsed in seconds
0.16741466522216797
[19, [array([[ 0.39474503,  0.34891828,  1.78663973, -0.13447691, -0.81149365,
        -0.09305694,  0.6848797 ,  1.45788457, -0.1570345 , -0.03389465,
        -0.00351579, -0.10829794,  0.19234654,  1.67127716,  0.31227818,
        -0.29005494, -0.36498568, -0.21147173,  0.11336507, -0.93824066,
        -0.01816263,  0.33244041, -0.5514228 ,  0.53439169,  1.576003  ,
         0.31128047,  0.26161637,  1.34075906, -0.7876096 ,  0.07760985,
         0.63134858,  0.6934537 ,  0.00606711,  0.96253394, -0.46886845,
        -0.10628822, -0.19864826, -0.29599651,  0.21826858,  0.47577549,
         1.17543107, -1.10427024,  0.68352947,  0.5489187 ,  0.12065621,
        -0.48805445, -0.51021288,  0.63066022, -0.7580285 , -0.19306318,
         0.5254957 ,  0.17613315,  0.21088516,  0.39770885,  0.53929476,
        -0.15522008,  1.98222309,  1.12657148,  0.20910873,  0.02661444,
        -0.21368285,  0.42742945,  0.73104613, -0.12724496,  0.68415562,
         0.06542482,  0.17322837, -0.08420921, -0.1984009 ,  0.07044962,
         0.59403984,  0.34943398,  0.98333025, -0.46265574,  0.45304687,
         0.75275719,  0.58090863, -0.0590823 ,  0.49840723,  0.20092122,
        -0.6632516 , -0.99676264, -1.13851713, -0.00367201,  0.89226664,
        -0.90454198,  0.62164404, -0.34595382, -1.06760664, -0.48255039,
        -1.41655417,  0.78100332, -0.62708412, -0.25157919, -0.2009316 ,
        -0.5492482 , -0.60036448,  0.39992418,  0.53312153,  0.35306236,
         0.17935443,  0.46331061,  1.53990666, -1.32321874, -0.44566695,
         0.25586032, -0.56912412, -0.42324789,  0.58403978,  0.74195426,
        -0.62138044, -0.35640322, -1.28058442, -0.15111343,  0.94936779,
        -0.68381239,  1.31627   ,  0.53513283,  0.52636418,  0.65935552,
         0.29441634, -1.17822904, -0.7119591 ,  0.38118123, -0.72070123,
         0.1874803 ,  0.30901691, -0.02746006, -0.28700317, -0.133887  ,
        -0.16500858,  0.77480691,  0.65263715,  0.51548448,  1.32151913,
        -1.61564145, -0.51858216, -0.86794054, -1.01168345,  0.86325938,
        -0.18198803, -1.07840636,  0.07386244,  0.69789456,  1.27108217,
         1.32977377, -0.92222325, -1.18858157,  0.05555099, -0.60857317,
         1.59469786, -0.43870674,  0.45644146,  0.55409832,  0.96647317,
        -1.23595667, -0.00428292,  0.73660853,  1.79666885,  1.27749789,
        -0.12160794, -0.6542988 ,  2.31395278, -0.29283438, -1.01509889,
        -0.1934975 ,  0.08621557,  0.69991817,  1.7368993 , -0.07897819,
        -1.56856561, -0.68086065, -0.29048989,  0.45665499, -0.35308127,
        -1.61753341, -0.96397915, -0.06533004,  0.42686213,  0.12609671,
        -0.48894958,  0.3644097 ,  0.6165423 ,  0.11438121,  0.57570693,
         0.10182115, -0.87241529, -0.48520735,  1.51453236,  0.03838844,
        -0.87860818,  0.17560859, -0.35861419, -0.33403877, -1.64585675,
        -0.57701241,  0.93992832, -0.40023754, -0.06150698, -1.16622289,
         0.13479105,  0.00970827,  0.47365603,  1.48620133, -0.86418433,
        -0.65031791,  0.30934523,  0.92338436, -0.19468162,  2.00723069,
        -0.99579826, -0.24766175,  0.60545729,  0.86127582, -0.84423816,
         0.67234113, -1.08809396,  0.6657443 , -1.24959235,  0.04981478,
        -0.40792644, -0.54890937,  0.31062083, -0.40715007, -1.35982009,
         0.95301773,  0.59791854,  0.07516881,  1.24509517, -1.23149282,
         0.02102996, -0.60618347, -0.20989814, -0.30726412, -0.31098863,
        -0.52315443,  0.11955405,  0.10957341, -1.43644578,  1.63815566,
        -0.22235367, -0.36437594, -0.22272354,  1.94129073,  0.01115657,
         0.30108668,  0.14847467,  0.89746905,  0.53888904,  0.50371035,
        -0.47231408,  0.79759404, -0.4608202 ,  0.5080076 ,  1.41388937,
        -0.6282404 , -0.72549265,  0.80478137, -0.03665177, -0.06349388,
        -1.79850463,  1.54990005, -0.45976783, -0.44517322, -0.39666413,
        -0.42883844, -0.74891827, -0.86776804, -0.08498115,  0.09888899,
         0.1322963 ,  1.24030081, -0.10419108, -1.28870357,  1.01172778,
        -0.04384345, -0.04726311, -1.11591392,  0.52864264,  0.48910297,
        -0.62737231, -0.89630736,  1.39702413, -0.14865423,  0.39997218,
         0.78163761, -1.22378819,  0.9372744 , -1.68178613,  0.16917692,
         1.28324158,  2.00431835, -0.7140743 , -0.4300302 ,  0.342574  ,
         0.18383668,  0.89321357,  0.24768218,  0.51644926, -0.79972917,
         1.20669034, -0.56421432, -0.76420739,  0.10128884, -0.54049312,
         0.36616847, -0.48213598, -0.30637454, -0.11401429]]), array([9.24478022])]]
Dataset str(7)
Time elapsed in seconds
0.14209246635437012
[19, [array([[ 8.90546930e-01, -4.77731587e-01, -3.30634031e-01,
         3.10570647e-01, -7.37544446e-01,  1.16705191e+00,
        -4.29779777e-01, -9.55322210e-01, -2.88919338e-01,
        -3.51982751e-01, -7.27164118e-02, -4.91596035e-01,
        -7.84009229e-01, -3.45115937e-02,  6.60086349e-01,
         6.40237195e-02,  2.10872142e-01,  1.50300613e-01,
        -6.35229133e-01, -5.02283942e-01, -1.83238917e-01,
        -8.23195670e-02, -8.75206469e-01,  7.04753322e-02,
         7.07779829e-01, -4.01007972e-01, -1.41545862e-01,
        -7.44551663e-01, -6.82714188e-03,  2.77519222e-01,
        -2.94590675e-01, -6.36875151e-01,  1.38504980e+00,
         4.33738302e-01,  5.34194850e-01,  1.11079862e+00,
        -1.12605683e+00,  4.72745734e-01,  1.30323848e-01,
         6.56161551e-01, -2.02500427e-01, -5.67138018e-01,
        -2.71036532e-01, -2.82181765e-02,  1.06752581e-02,
        -6.00892726e-01, -1.43285531e+00, -1.02265247e+00,
         1.00253288e-01,  7.08656975e-01, -6.88994514e-01,
         6.66194175e-01, -2.29101180e-01,  2.22515594e-01,
         2.42995736e-01, -1.34936889e-01, -7.66060048e-01,
        -6.60870836e-01, -8.76337398e-01, -2.65033165e-01,
        -5.78848514e-01,  1.54872646e+00,  2.54536656e-01,
         8.19513421e-01,  4.15701885e-01,  1.49178505e-02,
         1.13528125e+00, -5.78572749e-01,  3.52708104e-01,
        -5.51273675e-02, -3.49571364e-01,  1.27135487e+00,
        -3.70178048e-01,  4.84380189e-01,  4.34560173e-01,
        -2.16602680e-01, -1.29947254e+00, -6.05459344e-01,
         2.81843267e-01, -5.43240750e-01,  3.69096107e-01,
         1.01825267e+00, -1.66416410e+00,  3.24016839e-01,
         1.61261121e+00,  7.89384365e-02, -5.44963946e-02,
         4.28423360e-01,  3.99333705e-01,  5.49648597e-01,
        -1.21781238e+00,  6.00729971e-01, -3.84149247e-01,
         4.98477311e-01,  8.55472353e-02, -6.27462977e-01,
        -4.25321734e-01,  8.58720848e-01,  3.46198315e-01,
         1.26631431e+00, -1.49639327e+00, -5.51189370e-01,
         9.66112494e-01, -4.06865315e-01, -6.95619484e-01,
         6.99536859e-01, -3.29876519e-01, -1.04883215e+00,
         2.91571926e-01, -1.35872280e-01,  9.95949599e-01,
        -5.30285989e-01,  4.13858615e-01, -3.00208416e-01,
         1.94073680e-01, -1.37486616e+00,  3.06578470e-01,
        -5.66931642e-01,  7.23416506e-01,  6.15483518e-01,
         7.55025721e-01,  4.53854640e-01, -1.44814885e-01,
         1.63864737e-01, -4.41134741e-01, -3.80625873e-02,
        -7.62630453e-01,  1.67741000e-03,  1.04914972e+00,
         2.35737430e-01, -9.22692181e-01, -1.04681055e-01,
        -1.05096898e+00,  5.31112198e-01, -4.30674073e-02,
         2.71564679e-01,  2.12679877e-01,  4.03970938e-01,
        -5.39889929e-01, -1.56742855e-02,  5.97952833e-01,
         4.35485166e-01,  4.48555251e-01,  5.40866577e-02,
        -2.06373128e-01, -5.14171344e-01, -7.18842212e-01,
        -1.26525786e+00, -2.51913088e-01, -7.90424048e-01,
        -1.13112600e-01,  2.23417942e-01,  1.25256405e-01,
        -1.94896339e-01,  9.78636007e-01,  3.74193799e-01,
        -2.17659583e-01,  3.06541505e-01,  1.29643667e+00,
         3.33487678e-01, -1.34274122e-01, -7.45141536e-01,
         4.97268158e-01, -7.34964332e-02, -2.88038588e-01,
         9.27257664e-01, -1.31018443e-01,  6.98500061e-01,
        -6.38645901e-03, -9.13817915e-01,  1.64316941e-01,
         7.31986100e-01, -1.90569168e-01, -2.66389186e-01,
        -7.50162358e-03, -3.70802216e-01, -1.26921403e-01,
        -8.58118896e-01,  4.90004569e-01,  3.89248100e-01,
        -1.54693197e-01, -1.66886206e-01, -3.90787826e-01,
         9.67382085e-02,  1.50252573e-01,  6.94382946e-01,
         8.32840479e-01, -2.92524427e-01,  9.86379854e-01,
        -5.35241387e-01, -2.22132428e-01,  5.84335728e-01,
        -4.00939002e-01, -2.26977832e-01, -2.16316723e-01,
        -4.19210404e-01,  4.08390728e-01,  4.14393819e-02,
        -2.07892891e-01, -5.08102895e-01, -8.19573693e-01,
        -1.07556418e+00, -5.85542230e-01, -3.22050350e-01,
        -8.13213264e-01,  2.30080412e-02,  2.76724517e-01,
         5.13169002e-01,  6.53868315e-01,  9.47944659e-01,
         4.75444971e-01,  4.07951681e-02,  9.94462701e-01,
         1.14670443e+00, -4.34886903e-02, -5.19777840e-01,
        -1.68185061e-01, -6.92571146e-01,  9.00274980e-01,
         1.90873538e-01,  2.81621066e-01, -5.38283098e-01,
        -1.11906414e+00,  1.67088489e-01,  1.40393164e-01,
        -2.11541106e-01,  2.51656060e-01,  4.61659222e-02,
         2.06623574e-01,  3.38504689e-01, -1.42866168e-01,
         6.44441989e-01, -2.05765967e-01,  5.98887044e-01,
         4.19712646e-01, -1.72192201e-01, -5.56222753e-01,
         3.18083193e-01,  1.53984778e-01, -7.45987457e-01,
         4.70769280e-01, -5.81839624e-02,  1.12876848e-02,
        -2.02199523e-01,  1.90729336e+00,  6.96216277e-01,
        -8.67619020e-01, -5.06170052e-03,  7.87734149e-02,
        -3.86943289e-01,  4.91376803e-01,  7.36888655e-01,
         2.53596847e-01, -4.83048003e-01,  4.63785556e-01,
        -4.88162223e-01,  8.25187606e-02, -9.77010099e-02,
         3.64525226e-01,  3.50965660e-01, -3.74096457e-02,
         2.49167144e-01,  3.63014546e-01,  5.76299335e-01,
         2.90311807e-01,  3.72040533e-01, -2.94226836e-01,
         6.38888613e-01,  2.48619660e-01,  3.43104206e-01,
        -6.15512720e-01, -5.25047224e-01,  3.95049976e-01,
         2.69137814e-03,  1.00296991e+00, -6.14360347e-01,
        -2.15918338e-01,  5.91736246e-01,  7.62040768e-01,
        -8.92042636e-01,  3.92198160e-01,  1.02347587e-01,
        -2.82579622e-01, -7.30007559e-01,  3.85370669e-01,
        -1.48294985e-01,  2.50835828e-01, -4.35462145e-01,
        -6.68451902e-02,  9.19416829e-01, -8.66485983e-02,
        -6.25063727e-01,  1.52070791e+00,  2.38957274e-01,
        -1.57376345e-01, -4.87853261e-01,  9.46556810e-01,
         5.17817883e-01, -4.21920967e-01,  3.39845870e-01,
         4.71387975e-01,  4.53476128e-01,  3.60154869e-01,
        -1.71188774e+00, -1.74486110e+00,  4.65813471e-01,
         4.76996656e-02,  3.07571858e-01,  9.58137077e-01]]), array([14.30728206])]]
