Dataset str(0)
Time elapsed in seconds
16.015268802642822
[136, [array([[-0.10721823,  0.77516524, -0.53974704,  1.42573268,  0.15123681,
        -0.82212945, -0.92915712,  0.14533185,  0.98136604,  0.11010948,
         0.10622484,  0.31723179,  1.25878401,  0.30676456,  0.97451997,
         0.56797864, -0.62597172,  0.4290702 ,  0.62823492,  0.34407741,
        -0.82264422, -0.21550856, -1.27103235, -0.77149106,  0.45877534,
         0.88860833,  0.3310536 ,  0.61454091,  0.06108237, -1.25527476,
        -0.50662154,  0.19662557,  0.92963527,  0.31595711, -0.18166845,
        -0.8417313 ,  2.04434666,  0.07534102,  2.15616345, -2.00629168,
        -0.75442121, -1.10903581, -0.0639298 , -0.98672173, -0.98912099,
         1.42159878, -0.3793034 , -0.86619115, -1.00464071, -0.91125314,
        -1.32464593,  0.65814426, -0.34020703, -1.04611521, -1.05359567,
         0.48787032,  0.38669022,  0.84088247,  2.1237927 , -0.13288636,
         0.08945652, -0.38484164, -0.06916043, -0.55503296, -1.65558745,
         1.2330914 , -0.41473373, -1.31911377,  0.65151021,  0.07942349,
         0.03236211]]), array([269.7336486])]]
Dataset str(1)
Time elapsed in seconds
4.579695224761963
[136, [array([[ 1.19846786e-01, -4.86100259e-01, -7.98747954e-01,
         1.22144023e-01, -2.93971483e-01, -5.62136957e-01,
         5.35367100e-01, -1.02480359e-01,  1.06159041e+00,
        -1.26084774e+00,  1.55766458e+00,  5.73785104e-01,
        -1.17365843e-01,  2.26300038e-01,  1.33463869e+00,
        -1.96565544e-01,  2.18354793e-01,  8.46668153e-01,
        -5.29436788e-01, -1.29558001e-01, -5.15626481e-01,
         8.67520501e-01, -4.86156085e-01, -6.44576964e-01,
        -1.69128764e-03, -5.99209014e-01,  2.30016786e-01,
        -9.45879752e-01, -4.42761552e-01,  9.02868627e-01,
         1.28174889e-01,  1.20660753e+00, -6.44082567e-01,
         3.33137386e-01, -2.35409067e-02,  8.54961166e-01,
         8.75710451e-02,  1.50261929e-01, -6.17207720e-01,
         5.39613475e-01, -1.85892270e-01, -1.15992238e+00,
         9.01489354e-02,  2.94530470e-01, -6.72458718e-02,
         2.66212547e-01, -2.47964363e-01,  5.78781057e-01,
        -3.12098360e-01,  4.94799153e-01,  3.65827671e-01,
        -1.85571938e-01,  2.03400127e+00,  3.68879478e-01,
         5.22441098e-01, -5.73921357e-01,  1.63082215e+00,
        -1.72508423e+00, -4.82547860e-01, -1.86752249e-01,
         3.78281726e-01, -3.59151424e-01, -1.96287537e+00,
         3.78062416e-01, -1.64618295e+00,  1.10667387e+00,
        -5.53841474e-01,  1.80370836e-01, -3.70278948e-01,
        -2.91175055e-01,  9.73016835e-01]]), array([17.11336525])]]
Dataset str(2)
Time elapsed in seconds
2.4001712799072266
[136, [array([[ 0.25832765, -0.38599667, -1.35167426, -1.48034086, -0.37228389,
        -0.74433641,  0.69870364,  0.78651654, -0.92832356, -0.54683289,
        -0.00495011, -0.2059833 ,  0.77689121, -0.54341558, -0.74959594,
        -0.74690724, -0.27377883, -0.58709928,  0.32940659, -0.67027215,
         0.74737426,  0.35144394, -0.20584365, -0.30382728,  0.35626701,
         0.03457134, -1.00731735, -0.51874052, -0.62791083, -1.10809318,
         0.07955317,  0.76038613, -0.66724447,  0.66528965, -0.74958769,
        -0.28318578,  0.25365617,  0.73519705,  0.14872562, -0.24914005,
         0.64371554, -0.51094559,  0.12753382, -0.2741724 , -0.77728755,
        -0.18777935, -0.46731605,  0.10788829, -0.7594326 , -0.61329186,
        -1.5732569 ,  0.40802929,  0.36930804, -1.43222697,  0.28821364,
         0.53907696, -0.07842269, -0.01598514,  0.7777936 , -2.2720361 ,
         0.54928797, -0.86115676,  1.3924296 ,  1.06729356, -0.67016203,
        -0.39352189,  0.14163323, -0.63765872,  0.325755  , -0.2087089 ,
         0.33024504]]), array([4.09100822])]]
Dataset str(3)
Time elapsed in seconds
1.5078935623168945
[136, [array([[ 0.28858358,  0.16629168, -0.91098094, -0.26917772, -1.49859445,
        -0.01527457, -0.35488094,  1.14951523,  0.74712334, -0.22650563,
        -0.92092687, -0.45815911, -0.17082223,  0.25107031, -0.62192096,
        -0.37531772,  0.12603748, -0.05092954, -1.31480577, -0.51901429,
         0.40469809, -0.21719846, -0.55778454,  0.76061718, -1.32915025,
        -0.7110621 , -0.26629863, -0.37044419, -0.19956823,  0.16085343,
         0.22513951, -0.21499782,  0.08421504,  0.4616216 , -0.14743612,
         0.14795562, -0.21312556, -0.54764186, -0.27764785,  0.11675846,
         0.70309172,  0.27411207,  1.73714643,  1.07565158,  2.01782885,
         0.11842718, -1.01567929, -0.34177698, -0.44739876, -0.11032763,
        -1.21470498, -0.59530867, -0.45910098,  0.27944783,  0.33470004,
         0.13559278, -0.87071621, -0.15439698,  0.21777163,  0.34400205,
         0.04763532, -1.02274865,  0.93287284,  0.604753  , -0.78353337,
         0.57373517,  0.58866779,  0.23331777,  0.18945746, -0.07348612,
        -0.6623729 ]]), array([4.21854328])]]
Dataset str(4)
Time elapsed in seconds
0.7543723583221436
[136, [array([[-3.49714999e-02, -1.25614668e+00,  1.28064711e-01,
        -1.77410136e+00, -2.42150059e-01,  9.74603727e-01,
        -5.52735323e-01,  3.53631421e-01, -4.81197602e-01,
        -4.39019989e-01,  9.62579739e-03,  2.18830309e-02,
        -1.38434358e+00,  1.76618235e+00,  5.89960108e-01,
        -1.27990189e+00, -1.12560012e+00, -2.02763298e+00,
         1.92423258e-01,  2.60025258e+00,  8.08544529e-01,
         1.71301649e+00, -1.76451791e-01,  4.17278887e-01,
        -2.01206577e-01,  1.12358030e-01,  2.58340862e-01,
         3.66930780e-01,  2.45095280e-01, -5.37627067e-01,
        -1.45261750e-01, -1.23324133e+00, -1.88504223e+00,
         3.60244049e-01, -9.84792729e-01, -1.12177437e+00,
        -3.10306547e-01,  1.46542827e-01,  1.15905324e-03,
        -4.40023013e-01,  2.25455383e+00, -1.28993235e+00,
         3.47441108e-01,  4.93145322e-01,  1.06542148e+00,
         3.29413895e-01, -1.80115814e+00,  1.37171924e+00,
         4.97026444e-02,  7.99030948e-01, -3.89449223e-01,
        -5.68463187e-01, -4.11313315e-01,  9.73124469e-01,
        -2.51067861e-01, -1.26224575e+00,  3.20570102e+00,
        -3.23665689e-01,  8.15334420e-01, -1.88316875e+00,
        -1.48291675e+00,  6.35291536e-01, -9.57439774e-01,
         1.04776465e-01,  5.77369408e-01,  1.25137873e+00,
        -6.27300402e-01, -4.91338116e-01,  5.43109011e-01,
        -2.51644490e-01, -1.68052946e-01]]), array([8.37912656])]]
Dataset str(5)
Time elapsed in seconds
0.6273140907287598
[136, [array([[-0.91086346, -0.80532441,  0.65624321, -0.41293449,  1.11759839,
         0.34407145,  0.2997656 ,  0.09015498,  0.01535543,  0.39726962,
         0.73548349, -0.51622552,  0.3764092 , -1.00171019, -0.74538318,
        -0.07059182, -0.33194572, -1.05731757, -0.82250765, -0.6053983 ,
         1.22735017,  0.49207876, -0.81208367,  0.08418867,  0.25702685,
         0.54723194,  0.16835779, -0.29957106,  0.61129977, -0.05051586,
         0.986807  , -0.51876509,  0.47797362, -0.14629126, -0.8838478 ,
         0.41202535, -0.65666709,  0.49286269, -0.1179659 ,  1.12088919,
        -0.59735268, -0.29590039, -0.29739219,  1.15096001,  0.42356628,
        -0.22701847, -0.14770292, -1.23154756,  0.92651422,  0.09300745,
        -0.91979623, -0.17041681,  0.2212131 ,  0.50247015,  0.31392408,
        -0.91072505,  1.12897592,  0.27849784,  0.63521271, -0.45457334,
        -0.92601008, -0.06936029,  0.37144566,  0.90040124,  0.44434161,
        -0.00390128,  1.28200715,  0.35651656, -0.28709102,  0.18728213,
        -0.67587111]]), array([0.59412737])]]
Dataset str(6)
Time elapsed in seconds
0.5190069675445557
[136, [array([[-0.06401733, -0.35565044, -0.69206038, -0.20737729, -0.07730677,
        -0.1472295 ,  0.30653923,  0.00817422, -1.11067204, -1.06503048,
        -0.21847218,  0.11185505,  0.64708745, -0.65943946,  0.05431159,
        -0.44808465,  0.46905249, -0.69972553,  0.55162862,  0.84437134,
        -0.85960019, -0.07747478,  0.1981542 ,  1.0493909 ,  1.18509258,
         0.68292145,  0.0539345 ,  0.07564102, -0.66344188,  1.05773057,
        -0.32293261,  0.61138877, -0.19854838, -0.02343409,  1.03088991,
         0.15220317,  0.11261091,  0.03352481,  0.62700593,  0.62952661,
         0.79212952, -0.06817295,  0.55437781, -0.79344563, -0.34742633,
        -0.17220647,  0.02171948,  0.33241185, -0.09763469,  0.1767186 ,
         0.48218279,  1.003603  , -1.16478352,  1.37449054, -0.51340697,
        -0.19068746, -2.02282164, -1.22500258, -1.6805134 ,  0.53123411,
         0.29042359,  0.44113531, -0.22136381, -1.21011737, -0.24861761,
         1.03375811, -0.53613419, -0.22553047,  0.74741099, -0.36830382,
         0.40037587]]), array([0.96151978])]]
Dataset str(7)
Time elapsed in seconds
0.48667407035827637
[136, [array([[ 1.31240832, -0.70966906, -0.36650149, -0.48460527, -0.45892962,
        -0.22137943,  1.20311509, -0.56402617,  1.00389015,  1.23503296,
        -0.74735132,  1.18850709,  1.64894058, -0.15491249,  0.00624837,
         0.13922883, -0.31803594,  0.43614736,  0.78555438,  0.09737696,
         0.75742817,  1.6003194 ,  0.06709245,  0.59892163, -0.28586549,
        -0.11494576,  1.15734584,  0.48935889,  0.65482202,  0.51852799,
        -0.0950388 ,  1.20674428,  0.58219601,  2.05871443,  0.8278072 ,
        -0.73113922,  0.18575138,  0.21445118, -0.04150307, -0.2879624 ,
         0.32201623,  0.33811545, -0.41457712,  0.44907562, -0.05806325,
         0.23512839,  0.93084485, -0.75098126, -0.21680561, -0.00772285,
         0.85865193,  0.96804555, -0.07598919,  0.02893222,  1.22593626,
        -1.39131716, -0.54335753,  0.89750121,  1.19856529, -0.64846276,
         0.34814129, -0.19101841,  0.36424718,  0.53478172, -0.14708904,
         1.0287425 , -0.24557931, -0.59687968,  0.02609839,  0.6443631 ,
        -0.50823738]]), array([4.14512033])]]
