Dataset str(0)
Time elapsed in seconds
5.2401323318481445
[22, [array([[ 0.96924092, -0.19109876,  0.33900871,  1.03103364, -0.0718888 ,
        -0.11152672,  0.42159615, -0.03756811,  0.04587389,  1.08468897,
        -0.66751505, -0.29177558, -0.74126749,  0.31735135,  0.55646548,
         0.45468791,  0.45985068, -0.76658379, -0.05937171,  0.04352859,
         1.06385653,  1.26298361,  1.61740931, -0.16811705, -0.14268127,
         0.65285863,  1.23907633, -0.77035779, -0.36128395,  0.34953328,
        -0.34696605,  0.20927012,  0.07445044, -0.55854642, -1.04537725,
        -0.87004009, -0.25260416,  0.18376319, -0.25745209,  0.20923714,
         0.60977996,  0.85368877,  0.03369084, -0.56049889,  0.14966621,
        -0.10414568, -0.40200266, -2.36606299, -0.66437044,  0.82972847,
         1.00305026, -0.02795311, -0.28450188, -0.03783909, -0.24247646,
         0.303461  ,  1.11986583,  0.56382885, -0.30490171,  1.49713061,
         0.28803998, -0.19882428, -0.30183715, -0.2349198 , -1.01615188,
        -0.68250262,  0.65828895,  0.86256774,  0.20690714, -0.28841427,
         0.09279081,  0.86692009,  0.44490575,  0.23589547,  0.30525738,
        -0.49498294,  1.02557079, -0.66333564, -0.30880092,  0.76789563,
         0.61905385, -0.52154203,  0.3953343 ,  0.32779038, -1.85626333,
         0.79940917,  0.29565969, -1.17435043, -0.84420706,  0.27708566,
         1.28415577, -0.65928788, -0.13038057, -0.11827594, -0.64086544,
         0.629112  , -1.30523001,  0.03822582, -0.37099931, -0.24444734,
        -0.04569701, -0.24638712,  0.07542415,  0.18634134, -0.11584405,
         0.16379529, -0.22304673, -0.1810308 ,  1.1634619 , -0.43328401,
        -0.92187435, -0.08387831, -1.47934343, -0.05415317,  1.17492522,
        -0.79494224, -0.71447562,  0.83708333,  0.24234771, -0.53991603,
         0.51054838,  1.37755237,  0.12975762,  0.38437749, -0.77755965,
         0.62190187, -0.23129238, -0.80585597, -0.24304366,  0.22290479,
        -1.28928172,  1.09641337, -0.93191303,  0.3800238 ,  0.68135335,
        -0.57260366, -1.10928695,  0.26881053,  1.08960397,  1.24158371,
         0.87681123, -1.21331756, -1.07428581,  0.9695449 ,  0.47953258,
        -1.13379773, -0.39575421,  0.60359751,  0.28472082, -0.21700055,
         1.43883572,  1.09170032, -0.27890892,  0.54997811,  0.70966269,
         0.45559578,  1.1095582 , -1.40090357,  0.37368038,  0.55597711,
        -0.18820415, -0.56939177,  0.69463782, -0.46001042, -0.17435378,
         0.27003236, -0.59439186,  2.16370274, -0.65340659, -0.90649656,
        -0.06972457]]), array([36.42440322])]]
Dataset str(1)
Time elapsed in seconds
1.674717903137207
[22, [array([[ 0.5394085 ,  0.51344243, -0.98384144, -0.86321904,  1.79059415,
        -0.66776155,  0.07366731, -0.39498179, -0.0183627 , -0.68556588,
        -0.35866656,  0.43018272,  0.67246659, -0.17312456,  1.66833366,
         1.01070989, -0.59086715, -0.88159076, -0.70283441,  0.7572903 ,
         0.68361394, -0.28649313, -0.43868971,  1.16505232,  0.99568894,
        -0.18590991,  0.57801502,  0.16516737, -0.68102521, -0.15921048,
         0.82069989,  0.669401  , -0.65436939, -0.4948524 , -0.81272675,
         1.34773557,  0.32632286, -0.9872809 ,  1.32808404,  1.23086212,
        -0.39292725,  0.60359832, -0.25057128,  0.82835618, -0.2856222 ,
        -0.84080806, -0.77141644, -0.40167266, -0.4346663 ,  1.54158637,
         0.18364712, -1.31928931, -0.61881083,  0.64378937,  0.77325212,
         0.56792032, -1.50717358,  1.09546347, -0.48584835,  1.21999503,
        -0.01492956,  0.70276762,  0.75755818, -0.5237457 , -0.67420742,
         0.64931436, -0.15048133,  0.14329718, -1.01933276,  1.38550683,
        -0.13288166,  0.52164187,  1.03192607,  0.13450975, -0.41511393,
         1.05813809,  1.43450265,  0.63474994, -0.65797108,  0.32901042,
        -0.14828754, -0.02322075,  2.01554795,  0.80781256,  1.96700536,
        -0.37549932,  0.0801088 ,  0.37892054, -0.67212295,  1.45030685,
         0.06386257,  0.21391265,  0.63537158, -0.7366049 ,  0.96541017,
         1.26190489, -0.01717328, -0.35117239,  0.79063327, -0.13879186,
        -0.34936654, -0.21966788,  1.19040772,  0.4956593 , -0.26075387,
         0.83775041,  0.22003839,  1.37902026,  1.26070026, -0.02251436,
        -0.04074771,  0.39862171,  0.27160242,  0.13830185,  1.04377704,
         1.2611132 , -0.02523328,  0.46515667,  0.68974605,  0.0727765 ,
        -0.08067565, -0.57906534,  0.20160137, -0.0306221 ,  0.28621885,
         0.84198765, -0.66752912,  0.5086842 ,  0.58252838, -0.30383732,
        -0.47420544,  0.93813225,  0.15628667,  0.77213046,  0.03762743,
        -0.86863468, -0.17888655, -0.64564112,  0.90694212, -0.14974756,
        -0.86898983,  1.18144943, -0.05173556, -0.36185415,  0.55503254,
         0.44097948,  0.05654893, -0.58318385,  0.31105514,  0.24157734,
         0.0171237 , -0.25818492,  0.28156262,  1.19881423, -1.50423659,
        -0.41001571, -0.48329041,  0.14923656,  1.69814141, -0.90672018,
        -0.3565846 ,  0.15501753, -0.08498585,  0.05332958, -0.30285955,
         0.8200157 ,  1.77292085,  0.5115561 , -1.36725012,  0.18315837,
         0.26785959]]), array([78.33657243])]]
Dataset str(2)
Time elapsed in seconds
1.0158610343933105
[22, [array([[ 0.45011428,  0.52423326, -0.33392607,  0.17490911,  0.3693607 ,
        -0.88432955, -0.91068704,  0.13327309,  1.32972132, -0.97771849,
         0.01569215,  0.4444339 , -1.18558026,  0.66163191, -1.63348968,
        -0.33102098, -1.2069393 , -0.48098894, -0.95179613, -0.75372118,
        -0.40986917,  0.42019538,  1.02142511,  0.66123381,  2.40761333,
         0.74949952, -0.16849383,  0.34604002,  1.45183919, -0.3171045 ,
         0.44478675, -0.68589951,  0.33438574, -2.41160557, -1.30024618,
        -0.52916491,  0.43447682,  1.50744816, -0.91077828, -0.04588108,
        -0.06552037, -0.80704556,  0.54036096, -0.19983604,  0.49547461,
        -0.7300092 ,  0.25973368,  1.19624049,  0.46851124, -0.99788173,
        -1.6250577 ,  0.03680209, -0.03968781, -0.2035738 ,  0.1999205 ,
        -0.22602818, -1.02767589,  0.86314394,  0.90004864,  0.91952014,
         0.77835776,  1.43088535, -0.0804307 , -0.4308449 , -0.18171661,
        -1.37501519,  0.07065915, -0.16551276,  0.05509409,  0.30228874,
         0.05923612, -1.03245356,  0.72676587,  0.83655874,  0.32815561,
        -0.10169856, -0.57846241,  1.04080696,  0.61146381, -0.56384337,
        -0.42493951,  1.28931631, -0.30973121, -0.24165921,  0.54629719,
         0.16542666,  0.90491658, -0.58360005,  0.44577514, -0.80063606,
        -0.49503005, -1.54420624, -0.4878515 ,  0.38095394,  1.46804588,
         0.38374451, -0.60612126,  0.25604667,  0.065536  , -0.62970168,
        -0.46936334,  1.90225753, -0.08990363,  0.60899118, -0.41760333,
        -0.04760899, -0.92929973,  1.02579825,  0.40135611,  0.37276453,
         0.42627363,  0.31149061,  1.1667728 ,  0.40647022,  0.06103319,
         0.27185077,  0.84357036, -0.81955544, -1.08929943,  0.02686327,
         0.24264323, -0.05287925,  0.66958296,  0.43172869,  1.3659909 ,
         0.38651685,  0.45525954, -0.3800573 ,  0.57934152, -0.46917558,
         1.36046727,  0.00983646, -0.81346177, -0.93991144,  0.3043596 ,
         0.14941219,  0.01898031, -0.82160249,  0.80074583, -0.92025076,
        -0.69710276, -0.74146257, -1.42706372, -0.55620141, -1.34534757,
         0.90822032,  0.52594025,  1.53252351, -1.92962942, -0.0659984 ,
        -1.46502677, -0.80413242, -0.55920641, -0.82991139,  0.8356093 ,
        -0.75689771, -0.26473373, -0.72934175,  0.32894632,  0.25481695,
         0.5743633 ,  0.44659858,  0.80641256,  0.48818793, -1.34571941,
        -0.38854944, -0.12111108, -0.23508514,  0.98026259,  0.1189669 ,
        -0.55630966]]), array([37.27526789])]]
Dataset str(3)
Time elapsed in seconds
0.46873950958251953
[22, [array([[-4.61680026e-01,  7.07639679e-01,  1.32482943e-01,
        -1.16925211e-01,  9.75707597e-02, -2.22864090e-01,
        -5.16429343e-01,  4.97813510e-01,  2.74923087e-01,
        -2.13475127e-01, -9.43850280e-03,  3.65254231e-01,
        -1.60856042e-01,  1.01541636e-01, -1.07004719e-01,
        -1.34614733e+00,  5.47367503e-01, -3.50966637e-01,
         9.64951429e-01, -5.78471652e-01,  2.75184133e-01,
         3.23298929e-01, -3.59024494e-01,  1.14371784e-01,
        -1.88045617e-01, -1.05769353e+00,  5.13712471e-01,
         7.07197614e-01, -3.57294624e-01, -1.00731005e+00,
         3.45654660e-01,  1.57156035e+00, -1.53082004e-01,
        -1.28614694e+00, -3.58215647e-01,  7.53059774e-01,
         9.09911036e-01, -9.10401710e-01, -4.46349229e-01,
         1.18900009e+00, -7.54220343e-01, -6.32833835e-01,
         6.98534303e-01,  5.24059340e-01,  2.46206020e-01,
        -1.52562372e-01,  1.10082376e+00, -3.31219623e-01,
        -1.37477330e+00, -7.59889547e-01,  9.25163917e-03,
        -8.62193215e-02,  1.00339534e+00,  3.39832335e-01,
        -2.33162621e-01,  2.98428135e-01, -4.55020162e-01,
        -1.82805854e-01, -4.72018902e-01, -4.01615823e-01,
         1.29564708e-01, -2.24679038e-01, -7.75324989e-01,
        -2.80394689e-02,  9.92359235e-02,  7.23887758e-01,
        -6.14382390e-01, -7.71965102e-01,  1.97163467e-01,
         7.27040097e-01, -1.38683630e-01,  8.76143134e-04,
        -3.23393833e-02, -9.55098183e-02, -1.97140134e-01,
        -4.61936611e-01,  5.66271472e-01, -2.45953450e-01,
        -1.13118928e+00, -8.32537241e-01,  5.28530444e-01,
        -6.85879922e-01, -1.12839283e+00, -1.12179137e+00,
        -6.72315009e-01, -8.77755935e-01,  1.11140143e+00,
         2.04718954e-01, -2.00613097e-01,  6.15729566e-02,
         4.56932187e-01, -1.10872794e+00,  8.14030059e-01,
        -1.13518975e+00,  1.15167479e+00, -1.03396309e+00,
         7.45613895e-02, -1.54810968e-01, -5.71225277e-01,
         4.06716374e-01, -3.43219267e-01, -7.45880102e-01,
         7.01439757e-01, -3.70339196e-01, -9.05163417e-01,
        -3.71285491e-02,  8.72014525e-01, -1.20167533e+00,
        -4.35893799e-01, -1.70359437e-01, -1.68239608e+00,
        -1.14104942e+00,  4.97369187e-02,  1.19304675e+00,
         8.62326420e-01, -6.99418887e-01, -7.75724075e-01,
         2.73617633e-01, -1.00539683e+00, -1.01248741e+00,
        -6.78239965e-01,  1.71199383e-01, -2.48149986e-01,
         1.14836267e+00, -1.02430998e+00, -5.71230333e-02,
         3.02500101e-01, -2.05524939e-01,  6.89005907e-01,
         7.13045409e-01, -1.66623835e-01,  8.63086985e-02,
        -3.12439498e-01, -1.22415853e-01,  1.40261084e-01,
         3.12144403e-01, -3.63771241e-01, -8.56181318e-01,
        -4.24190091e-01,  1.18027164e+00, -7.16113693e-03,
         2.65464888e-01, -1.96720334e-01,  1.04240156e-01,
         3.44275007e-01,  8.67558694e-01,  2.83383204e-01,
         3.06145534e-01,  2.49001851e-01, -6.38827768e-01,
        -7.78471945e-01,  1.09819590e-02,  3.09250443e-01,
        -1.08131226e-02,  5.51920117e-01, -6.05858174e-01,
         4.52435357e-01, -1.25889108e+00, -1.20087381e+00,
         1.16625299e-01, -6.73962328e-01,  3.56237680e-01,
        -4.79812025e-01, -7.05824725e-01, -1.41296895e-01,
        -2.02795480e-01,  4.32583136e-01, -3.12889591e-01,
        -7.99297821e-01,  1.14598736e-01,  1.58441363e+00]]), array([10.82341813])]]
Dataset str(4)
Time elapsed in seconds
0.19730114936828613
[22, [array([[-1.0619836 , -0.04681401, -0.46450387,  0.18740377, -0.82985605,
         0.18746713,  0.99537955,  0.39156783,  0.01926773,  0.3339074 ,
         0.1605004 ,  0.21637967, -1.02348523,  0.36530663,  0.00914072,
         0.23098673, -0.46279711, -0.28444071, -0.25699073, -1.11933399,
         0.55572159,  0.11087295,  0.07520476,  0.70540072, -0.23936177,
         0.2788897 ,  0.38010841,  0.13296914, -0.42691865,  0.24152367,
         0.23939601, -0.1122368 , -0.73440666, -0.13895893,  0.50602238,
        -0.73991423, -0.69883551,  0.44355671,  0.1376398 ,  0.44609443,
         0.36050264, -0.24702592,  0.13080027, -0.4392123 ,  0.31844461,
         0.76132665, -0.5482777 , -0.33024509, -1.12417958, -0.26684764,
        -1.1001397 ,  0.48676899, -0.28744213, -1.28990775, -0.181982  ,
        -0.44091879,  0.5867452 ,  0.16852652, -0.15547887, -0.37095918,
        -0.2764288 , -0.55789815, -0.63441609,  0.10408007, -0.01355728,
         0.79393936, -0.16962287, -0.77787389,  0.28611378, -0.07996449,
        -0.27493383, -0.12259656, -0.17424461, -0.6885317 , -0.37626998,
        -0.34452606, -0.81072562, -0.30058114,  1.78980632,  0.10374666,
         0.10225937, -0.67062309,  0.04584913,  0.10564456,  0.90285084,
         0.10596355, -0.3417453 ,  0.75250726, -0.14676746,  0.82152363,
         0.4893631 , -0.89603329,  0.11841495,  0.11762642,  0.70459508,
        -0.01855956, -0.219815  , -1.23965732,  0.36438643, -0.33610838,
        -0.13593343,  0.21627357, -0.22387746, -0.25987597, -0.52268868,
        -0.54541213,  0.10507127,  0.13948356, -0.08800869, -0.28490482,
        -0.64734626,  0.00615996, -0.70861818, -0.83434744, -0.7540984 ,
        -0.12030317,  0.64890498,  0.13671749, -0.48639235,  0.20336273,
         0.0695093 , -0.7789913 ,  0.44187215,  0.87260786,  0.14071082,
        -0.07326113, -1.33867837, -0.00362018, -0.58838775,  0.57791998,
        -0.45257506, -0.15269137, -0.65876187,  0.287706  , -0.32868453,
         0.20390902, -0.76484267, -1.35724606, -0.48128478, -0.87364327,
        -0.34574031,  0.49185821, -0.0055414 ,  0.59774776,  0.10460039,
        -0.25446726, -0.0540325 ,  0.29868476,  0.09717076,  0.49506565,
        -0.23136936,  0.20816337,  0.17754407, -0.28713588,  0.45731762,
         0.58889161, -0.04563101,  1.06261078, -0.80286813, -1.27503857,
         0.06057078, -0.21202579,  0.08011982, -0.35711374,  0.00878885,
        -0.00623877, -0.57103733, -0.32749775,  0.77875328,  0.48390862,
        -0.28107958]]), array([8.7281668])]]
Dataset str(5)
Time elapsed in seconds
0.17217731475830078
[22, [array([[ 3.97800316e-01, -3.72902652e-02, -1.16202874e-02,
         3.73484687e-02,  8.91570261e-01, -8.92552945e-02,
        -7.81248550e-01,  5.23485398e-01, -6.96445688e-02,
         2.93231155e-01,  1.33249864e+00,  7.03279604e-01,
         3.79487487e-01, -4.49845465e-01,  1.92375332e-01,
         5.66664808e-01, -4.40645895e-01,  4.26622500e-01,
         9.69027329e-03,  1.51062766e-01, -3.84661549e-01,
         5.55472988e-01,  4.09111512e-01,  4.55109267e-01,
        -1.77931941e-01, -6.40183426e-01, -1.24638040e-01,
         4.03055895e-01,  7.67482210e-01, -3.38199134e-01,
         4.03304299e-01, -9.76371889e-02,  7.86819159e-01,
         3.55768893e-01,  1.08434020e+00, -8.56802001e-02,
        -6.14719698e-01,  5.24145444e-01, -2.86723984e-01,
         9.50072476e-01,  4.82897505e-01,  1.03704402e-01,
         1.66659520e+00,  1.00291189e-01,  2.77367936e-01,
         1.31823433e-01,  4.76837052e-01, -2.78156224e-02,
        -5.17199399e-01,  2.15035439e-01, -1.25462065e+00,
         7.06397818e-01,  1.99676757e+00, -7.73561092e-01,
         1.06907759e-01, -6.68378933e-01,  6.95266681e-01,
         4.18174174e-01,  1.61146603e-01, -1.92662342e-01,
         4.62487699e-01,  1.52098266e+00,  5.72741252e-01,
         2.89641880e-02,  1.29200601e+00, -6.24139698e-01,
         2.40181685e-01,  1.44901483e+00, -6.25294047e-01,
        -1.60467597e-01, -2.84930658e-01, -8.91548117e-01,
        -1.63931351e-01,  4.14110312e-01,  9.48699460e-01,
        -4.19920065e-04, -6.25750890e-01, -7.98347083e-01,
        -3.74964968e-01, -4.82152261e-01, -5.47581659e-01,
        -7.34478371e-02, -1.25262568e-01,  1.65647434e-02,
         6.24798988e-02,  5.66636563e-01, -7.97192160e-02,
        -1.84012869e-01,  1.75306105e-01,  1.15616820e-01,
        -1.34830550e+00,  7.27917222e-02, -2.06966134e-01,
        -2.75452810e-01,  3.40189503e-01,  3.02362338e-01,
         1.04572850e-02,  1.05193750e+00,  1.19542745e+00,
         6.62830614e-02, -1.98033198e-02, -5.99116681e-01,
         5.08733219e-02, -5.22483141e-02,  9.95155608e-02,
         1.85008982e-01,  6.33531087e-02,  2.80025030e-02,
        -2.39591647e-01,  2.56805529e-01,  5.21031636e-02,
         2.67643264e-01, -1.23958093e+00,  2.59146850e-01,
         1.32281191e+00, -5.61953829e-01, -3.96887162e-01,
         8.76903079e-01, -6.84353717e-01,  3.17454890e-01,
        -2.18243463e-01,  3.74351880e-01,  4.44965107e-01,
        -3.69901669e-01, -2.36143350e-03, -7.88413009e-01,
        -1.59558877e-02, -4.72695247e-02, -2.88563550e-01,
         1.00346323e+00, -8.01343847e-02, -7.91942663e-02,
         1.05257657e+00,  1.23052071e+00,  1.57721660e+00,
        -6.92174145e-01,  8.17091650e-01, -9.26171287e-01,
         7.92341619e-01, -5.74615089e-02, -3.86275882e-01,
         1.34581957e-01,  6.53603987e-01, -6.52101034e-01,
         2.04533006e-01,  1.73140757e-01,  3.24745247e-01,
         4.00797035e-01,  9.45558936e-01,  4.70538799e-01,
         6.00627399e-01,  1.03072188e+00, -3.66011184e-01,
         1.01639088e+00,  1.39659477e+00, -6.20209503e-02,
        -9.18785449e-01,  1.61233454e-01, -7.42816887e-01,
         4.19644378e-01,  3.41776478e-01, -3.14120941e-01,
        -1.26680097e-01, -1.26452349e+00,  8.17363688e-01,
        -1.25663904e-01, -2.03070022e-01, -3.65948645e-02,
        -2.25606334e-01, -5.52686044e-01,  4.95503081e-04]]), array([1.89773911])]]
Dataset str(6)
Time elapsed in seconds
0.14505791664123535
[22, [array([[ 0.50841581, -0.60707298,  0.56047939, -1.30208471, -0.14864941,
        -0.36986281, -0.18668831, -0.56236633,  0.0592323 ,  0.16064708,
        -0.49839617,  0.20930022, -1.31782447,  0.12338425,  0.6855349 ,
        -0.20187963,  0.29037831, -0.74838952, -0.47390372, -0.79467083,
        -0.85106984,  0.60010928, -0.73651083, -1.0916022 ,  0.6320171 ,
         0.25525261,  0.09935709,  0.87205937,  0.03171252,  0.01132973,
         0.11573612, -0.53968533,  1.0716063 ,  0.60352704,  0.54005616,
        -0.25475901,  0.8236087 ,  0.02933848,  0.41212535,  0.77981443,
         0.54416022, -0.4451895 ,  0.44112387,  0.02871715, -0.52079599,
         0.83998716, -0.5362625 , -0.77164448, -0.25845527, -0.36566442,
         0.74020162,  0.51160313, -0.61859521, -0.24490952,  0.7488879 ,
         0.55882883,  1.12357531, -1.28700938,  0.7072225 ,  0.12178329,
         0.47141904, -0.85963231, -0.75845769,  0.30871696, -0.38912813,
        -0.08038701, -0.01987884, -0.43548339, -1.1006314 , -0.33550763,
        -0.05268221,  0.10823221, -0.22187999,  0.66968041, -2.02001451,
        -0.6148979 ,  0.2754673 ,  0.12564417, -0.49312045, -0.65954196,
         0.02282396, -1.88067614,  0.22599511, -0.00689464, -1.14603759,
        -1.04780532,  0.48655806, -0.42628404,  0.24819716,  0.35200528,
        -0.88319048,  0.55533313,  0.0799862 ,  0.76052467, -0.56244128,
         0.68790514, -0.1913525 , -0.30034637,  0.98097363, -0.54628334,
        -0.25377147,  0.68218288, -0.85768948, -0.39377679, -0.61943716,
         0.32804391, -0.95686674,  0.04916403,  0.5397715 ,  0.65953608,
         0.53765053,  0.0351698 , -1.02912322, -0.66640429,  0.07352054,
        -0.57371317,  0.02296208,  0.81774422, -0.52124906, -0.12183277,
         0.0329598 ,  1.25531013,  1.41650622, -0.56370257,  0.35073897,
         0.40895535,  0.24830926,  0.62054924, -0.63691992,  1.00982449,
        -1.94747842,  0.47842168,  0.59181738,  0.29428116,  0.39252801,
        -0.76483983,  0.59280081, -0.75522042,  0.14319669,  0.42877909,
        -0.60552464, -0.57072303, -1.09829435, -0.52360958, -0.81210569,
         0.89308415,  1.29772568, -0.43526596,  0.43990966,  0.07829399,
         0.47560462, -0.12427995, -0.00621663, -0.06090234, -0.0851223 ,
         1.25774623,  0.11956373, -0.2614313 ,  1.46276645,  0.51044915,
         0.21963253,  1.07459541,  0.59338188, -0.39608081, -0.41961344,
         0.96693186, -0.91487178, -0.04222343,  0.50732421,  0.43254465,
        -1.23268413]]), array([8.20601289])]]
Dataset str(7)
Time elapsed in seconds
0.14913487434387207
[22, [array([[-2.38341401e-01,  1.23796925e+00,  1.03979693e+00,
         2.38478076e+00, -3.41630937e-01,  1.45713191e+00,
         7.31801243e-02,  2.12418509e+00, -1.14378822e+00,
         1.33032177e-01, -3.25829752e-02,  1.79797412e+00,
         2.47585463e-02, -1.95985037e-01,  4.15338647e-01,
         1.12726936e-01, -1.15107618e+00, -7.42441903e-01,
        -7.49962229e-01,  8.75255035e-01,  2.82111119e-01,
         1.28395914e+00,  1.53982507e+00,  5.14102937e-01,
         2.03400929e-01, -8.36394362e-02,  6.73564153e-01,
        -1.07487177e+00, -3.82438576e-01, -4.95149907e-01,
        -6.96879432e-02, -5.43348277e-01, -1.22652252e+00,
         1.19968929e+00, -2.22309355e+00, -6.08671896e-01,
         6.09414008e-01, -1.33914670e+00,  1.64135829e+00,
        -7.14988281e-01,  2.41041979e+00, -4.18417266e-01,
        -1.23717383e+00,  8.18845836e-01,  1.15500537e+00,
         1.56126861e+00,  1.40116374e+00,  5.96068591e-01,
        -1.20481429e-01,  7.75477482e-01, -3.90461017e-01,
        -6.08460173e-01, -7.80178509e-01, -7.33515527e-01,
         1.66949571e+00,  1.19246932e+00, -9.28953806e-01,
        -5.05324194e-01,  7.68526281e-01,  5.90468345e-01,
        -8.96019865e-01, -7.72660390e-03, -1.61845384e+00,
         1.15457810e+00, -6.54093420e-01,  2.81855926e-01,
         1.49155555e+00, -1.20905587e+00,  3.38246963e-01,
         2.90414279e-01,  6.65019577e-01,  7.88555640e-01,
        -5.37337880e-02,  8.92627544e-02,  6.19400860e-01,
        -8.93946966e-01, -9.35482770e-01, -5.82662456e-01,
         1.64803323e+00, -1.42575835e-01, -3.09101912e-01,
        -6.67112216e-02,  3.41601179e-01, -1.44119269e+00,
        -1.35468116e-03,  1.24300040e+00,  1.08116286e+00,
         9.53551766e-02, -2.85254203e-01,  1.08751835e+00,
        -9.20974631e-02,  8.63525649e-01, -4.88499755e-01,
        -8.70735352e-01, -1.83270966e+00, -8.16947020e-01,
         7.41613256e-01, -1.13943889e+00, -2.87244533e-01,
        -3.08698660e-03,  3.09965974e-01,  2.93490104e-01,
        -1.12471276e+00,  1.11956894e+00,  7.35822541e-01,
         6.79342551e-01,  6.11538156e-01,  8.01783964e-01,
         3.57843179e-02, -2.20409371e-01, -1.83925722e+00,
         3.47156742e-01, -1.25625133e+00,  1.67774340e-01,
        -7.78432720e-01,  1.36258639e+00,  8.82680634e-01,
        -1.70828052e+00, -1.31466871e+00, -2.46808324e-01,
         1.53775753e+00, -2.91498080e-01, -9.18671763e-01,
         7.81794314e-01, -7.19396374e-01, -5.78310186e-01,
        -2.94300489e-01,  1.30063077e+00,  3.71711385e-01,
        -1.19967097e+00,  1.17014271e+00, -3.50510432e-01,
        -2.45314623e+00,  2.24268191e-01, -1.17473645e+00,
        -1.71314143e+00, -4.77909880e-01,  3.83942553e-01,
        -9.76934199e-03,  9.29328936e-01, -1.07345151e+00,
        -9.61572894e-01,  1.27282755e+00,  4.80680712e-01,
        -9.52488629e-03, -1.86042738e+00,  1.03236050e+00,
         1.06676418e+00, -1.42822738e-01, -1.08159358e-01,
        -1.76402555e-01,  3.47900621e-01, -1.13483789e+00,
         2.47036066e+00,  1.39940703e+00,  1.92963649e+00,
         1.49563098e+00,  9.26640073e-01, -2.26479475e-01,
         1.20755766e+00, -1.50312073e-01, -3.02516106e-01,
        -1.73105088e+00,  7.94040788e-01,  3.78332603e-01,
         7.21480838e-02, -2.62805648e-01, -1.84218543e-02,
         6.13665563e-01,  6.20478827e-01,  4.91752411e-01]]), array([7.52301547])]]
