Dataset str(0)
Time elapsed in seconds
3.2147533893585205
[20, [array([[-0.63369168, -0.24449414,  0.95527133,  0.36954299, -1.15065088,
        -0.35180251,  1.95918162, -0.26104516,  0.0571631 , -0.65716444,
        -1.00140956, -0.6275233 , -0.07049789, -0.10853719,  0.48796768,
        -0.04444993, -1.65845134,  0.73448671,  0.62986823, -1.4709323 ,
         0.99383028,  0.95982884,  0.31442218, -0.43244755,  0.70657746,
        -1.1473529 ,  0.32189333, -0.26779008,  1.52844717,  0.98150904,
        -0.22737987,  0.54873289,  0.59463185,  0.13600293,  1.15313299,
        -1.21277478,  0.17343172,  0.69567352, -0.94080101,  0.47258265,
        -1.46198118,  0.02476751, -0.80589973,  0.12765817,  0.24809308,
         1.34846229,  0.35148004,  1.48000242,  1.06955577,  0.64091695,
        -0.7838595 ,  0.41021735, -0.18711724, -0.14222355, -0.68387174,
        -1.21730886,  1.42748689, -0.32457044,  1.42667438,  0.23318096,
        -0.23545339, -0.20992365,  0.34865562, -0.0658386 ,  0.10502674,
        -0.34356114,  0.12594592,  0.35116852,  0.8857974 , -0.30592172,
        -0.79270065, -0.20035546,  0.05287251, -0.36400961,  0.21643062,
        -0.05014989,  1.00760894,  0.41421061, -0.2716636 ,  0.14135703,
        -0.12133349,  1.69172203, -0.25844729,  0.99760523, -1.28857266]]), array([100.61775251])]]
Dataset str(1)
Time elapsed in seconds
1.1097612380981445
[20, [array([[-3.09155447e-01, -4.11467051e-01,  6.93105295e-01,
        -8.61492691e-01,  1.76061407e+00,  1.27299728e-01,
        -2.78297292e-01, -9.31954370e-01,  1.79734271e-01,
         9.03349000e-01,  1.27377700e+00,  9.30274900e-01,
        -7.96820238e-01, -1.41740491e-02,  8.93970635e-01,
         7.34672819e-03, -9.82375204e-01,  1.96474027e-02,
         1.16783611e+00, -2.18980829e-01,  7.97110763e-03,
        -1.48840177e-01,  6.65146018e-01, -1.16390005e-01,
         8.69524539e-01,  1.30941319e-01,  4.73724870e-03,
         9.21342218e-02,  2.00038653e-01,  1.85394309e-01,
        -3.90756014e-01,  1.42323153e-01,  2.13326299e-01,
         4.24081438e-01,  7.05427851e-01, -5.22261105e-01,
         4.69170953e-01,  7.26652610e-02,  1.05150605e+00,
        -1.96121596e+00,  1.71777861e-01,  4.67819484e-01,
         1.12022157e-01, -5.61161218e-01, -9.70408490e-01,
         6.76809736e-01, -7.98781858e-01, -1.12691790e-01,
        -4.53802089e-01, -6.29858407e-02, -9.41004743e-01,
        -8.29715514e-01,  7.86787189e-02, -4.02141643e-01,
         2.20707800e-01, -4.69217560e-01,  3.88675224e-01,
        -4.00843424e-01,  7.54073148e-01,  1.10860394e-01,
        -2.76029694e-01, -1.27356201e+00, -1.51400621e+00,
        -1.56570428e-01,  3.96009173e-01,  7.39235198e-01,
        -5.73206009e-01,  5.97082663e-01,  5.81681448e-01,
         1.59225540e-01,  7.43427843e-01, -1.25190282e+00,
         6.25948953e-01,  8.29899681e-08,  1.19279117e+00,
        -5.48408150e-01, -4.53492177e-01, -2.97890960e-01,
        -5.95102610e-01, -7.98932471e-01, -4.84233226e-01,
         8.02151622e-01,  6.11572486e-01,  5.88479856e-01,
        -8.32414670e-02]]), array([41.11737299])]]
Dataset str(2)
Time elapsed in seconds
0.5371241569519043
[20, [array([[ 1.30608171e-01,  9.99955607e-01, -9.49016211e-01,
        -2.14033637e-01, -1.90017094e-02,  1.01893618e+00,
        -6.76795817e-01,  6.99737850e-01, -2.70406568e-01,
        -9.98023075e-01, -1.49830640e-01,  8.42134599e-01,
         7.37057325e-01, -1.11152105e+00,  2.71276042e-01,
        -6.06425554e-01, -4.95956235e-01, -1.04181685e+00,
         9.39683499e-01,  2.33367411e-02, -1.14995929e+00,
        -2.92895403e-01, -4.73526980e-01,  4.57992794e-02,
         1.15510734e+00, -3.41241995e-01,  2.45213746e-01,
        -1.11159062e-01, -1.05849122e-01, -3.46552241e-01,
         1.96449593e-01, -1.16837993e-01, -2.68299888e-01,
         6.14909089e-02, -5.24760335e-01, -1.81957542e-02,
        -2.60123225e-01, -4.48556399e-01,  4.79648876e-02,
        -1.74857232e-01,  4.20769668e-01, -1.39196050e+00,
        -8.71746027e-01, -1.19619079e+00,  1.36319829e+00,
        -1.58897006e-01,  1.03120629e+00,  2.48434776e-02,
         3.98645145e-02, -5.50853744e-01,  6.74341541e-02,
         2.10166183e-02,  1.58330637e+00, -5.54364071e-01,
         3.12727116e-01,  2.56376609e-02,  4.29309931e-01,
         1.42790153e+00,  7.95674135e-01, -1.25927119e+00,
        -1.24719310e+00, -3.19541464e-01, -5.81251605e-01,
        -1.30613373e-01, -2.66920877e-01, -2.34277665e-01,
        -5.48071725e-01, -2.09874651e+00, -6.75791167e-01,
        -1.71947580e+00,  1.11180732e+00, -3.19127500e-01,
        -8.42785392e-01,  9.63056689e-02, -8.02309418e-01,
         3.27145656e-01,  3.42340865e-01,  4.77291887e-02,
        -6.46269066e-01, -3.21099917e-02,  2.06289149e-03,
         6.40440398e-01, -5.09919496e-02, -2.14292949e-01,
        -1.72901817e-01]]), array([13.55059939])]]
Dataset str(3)
Time elapsed in seconds
0.40350937843322754
[20, [array([[-0.1974757 , -0.27341641, -0.32968842,  0.04979236,  0.61266491,
         0.06535541, -1.33814243,  1.23370863, -0.07003812, -0.71470995,
         0.3257606 ,  0.05335458, -1.2402212 , -0.21660192,  0.56739911,
        -1.22702623,  0.95234909, -1.49496852,  0.02041216,  0.1565445 ,
         0.32078053, -0.03302956, -0.10835961, -0.12034985,  0.30090204,
        -0.13221524, -0.31488375, -0.66700299, -0.20347635,  0.26030734,
        -0.85807693,  0.08684936, -0.55745007,  0.88665275, -0.35660932,
         1.03350147,  0.13724529, -0.73814673, -0.48100469, -0.31997339,
        -0.41893624, -0.65667167,  0.90988969, -0.63439235, -0.80125946,
         1.30539129,  0.05445781,  0.42155381,  0.87282173,  0.23415666,
        -0.10950069, -0.43065446, -0.27295526,  0.08714948, -0.70194501,
         1.01751182, -0.80628019, -0.61528014,  0.2887307 ,  0.50345843,
         0.25570199, -0.22616428,  0.03096608, -0.01562626, -0.56299072,
         0.26442302,  0.56489802,  0.45072411, -0.223581  ,  0.0869151 ,
         0.21891593,  0.09324156,  0.36797363, -0.09978817,  0.41503965,
        -1.83084464, -0.26545953, -0.12033832,  0.12726108,  0.86136868,
         0.52764106, -0.30588245, -0.24507284,  0.62306976, -0.07794083]]), array([10.93032598])]]
Dataset str(4)
Time elapsed in seconds
0.14702439308166504
[20, [array([[-0.44283869, -0.31472784,  0.48523878, -0.48213444, -0.06257825,
        -1.0630934 , -0.38148631,  1.21820865, -0.51801997, -0.47892293,
         0.41445482, -0.07151271, -0.88116634,  0.50755952, -0.35296364,
        -0.81811901, -0.57263136,  0.54233367,  0.56889097, -0.52051186,
        -0.52970043, -0.58490595,  0.79093154, -0.34305255, -0.43184428,
        -0.11822091, -0.23262438, -1.30137648,  0.40610045, -0.09702409,
         0.14056489, -0.74690945,  0.02266078,  1.01933855,  0.25394679,
        -0.88488523,  0.35356236, -0.26427827, -0.1641864 , -0.3362314 ,
         0.54830195,  0.3107221 ,  0.53211585,  0.76118754,  0.23863852,
         0.97689017, -0.2405288 , -0.46295852, -0.19917029, -0.52582925,
        -1.16102547, -0.20057323,  1.10520989,  0.52328324, -0.74375946,
        -0.01510646, -0.37029133, -0.30912568, -0.50267376, -0.81141033,
        -0.94561255,  0.613008  , -0.99411875,  0.34034329,  1.26440032,
         0.86658511,  0.67080378,  0.05309713, -0.80963166, -0.37156877,
        -0.90480807, -0.58562351,  0.0997354 , -0.65625672, -0.92068623,
         0.1653845 , -0.35514089,  0.89429234, -0.18675775,  0.6766353 ,
        -0.31399252, -0.54992615, -0.65210133,  0.51818978,  0.07456997]]), array([11.43049183])]]
Dataset str(5)
Time elapsed in seconds
0.13846039772033691
[20, [array([[-1.07425185,  0.08807195,  0.44552171, -0.95427653,  0.65420995,
        -1.39440738, -1.16883254, -0.65194303,  0.4407055 , -0.17040303,
         0.16708919, -1.04132437, -1.62197346, -0.12266496,  0.21116952,
         0.58714992, -0.22075179, -2.11492995, -0.50758374, -2.20402496,
         1.55513388, -1.31688456,  1.48538682, -1.23182765,  1.46167703,
        -1.43722782, -1.34628352,  2.27993795,  0.07379968,  0.02434102,
         0.63107198, -0.72424997,  0.61682287, -0.87300029,  0.47784821,
         0.67359013, -0.0442657 , -1.51488634, -1.47222695,  2.28915536,
        -0.67264331,  0.31551638,  0.34628039, -0.77794293, -1.91213008,
         0.17060846,  0.98653743, -0.5135181 , -0.53487868,  1.76781279,
        -0.51797164, -1.37096318, -0.57242874,  1.99698166, -1.397716  ,
        -1.33092999,  0.3987722 ,  0.42407226,  0.76555323,  1.27034614,
        -0.90705374, -0.80633593,  0.47017481,  0.56144549, -1.09396745,
         1.25174629, -0.69641606,  1.15292571, -2.02629878,  0.52252372,
         1.72357096,  2.88070351, -1.21378472, -0.02016384,  0.99320198,
        -1.41307533, -0.63577292,  0.33591385,  0.13226163, -0.74048075,
        -0.46003568, -0.91436425, -1.17141587,  0.03065292,  1.15030443]]), array([2.34595009])]]
Dataset str(6)
Time elapsed in seconds
0.11953568458557129
[20, [array([[-0.41622391,  0.92081629, -1.15561897,  1.43471062, -0.4216378 ,
        -0.53893956,  1.33038142, -0.14313683, -0.2223051 , -0.27717546,
        -0.17507488, -0.64570196, -0.01039863, -1.06989553,  0.46063382,
         0.26896655, -0.82714062, -1.21726102,  0.16192027, -1.15476734,
         0.33713227, -0.095447  , -0.97950808,  0.29825506, -0.48522225,
        -0.13715346,  0.77114149,  0.16564368,  0.33050691,  1.12662775,
         0.20405824,  0.06580955,  0.61011808, -0.39815267, -2.20032409,
        -1.03448127,  0.89779168, -1.56117071,  0.97354347,  0.40898955,
        -0.3569193 , -0.59618247, -0.25699066, -0.27160636,  0.82068442,
        -1.05546632, -0.08455807, -0.37387419, -0.5262004 ,  0.55178808,
         1.12887724,  0.83784617,  0.19332219,  0.25770095, -0.30188934,
        -1.46022526, -1.42814677, -0.59538559,  0.23821207,  0.56451121,
         1.09982295, -1.58766694, -0.56528274, -0.08119365, -1.86351709,
        -0.06587052,  0.66908753,  0.08542845,  0.48467949,  0.45446606,
        -0.40073493, -0.65556746, -0.90820962, -0.1309972 ,  0.86038118,
        -1.51253106,  0.47014236,  0.39205342,  0.1139196 ,  1.38239092,
        -0.86190504, -0.39902387, -0.22643156,  0.44879182, -0.78346193]]), array([4.94050259])]]
Dataset str(7)
Time elapsed in seconds
0.1128380298614502
[20, [array([[-0.98633237,  0.93638743, -1.40849709,  2.32399896,  0.60681053,
         1.40456315,  0.46754762,  2.05580098,  0.97258627,  0.22480859,
         0.40728903,  0.55814838,  1.3751808 , -0.96808008, -1.79137548,
        -0.02128412, -1.78021723,  0.20466778,  0.3492312 , -0.54093426,
        -0.6455714 ,  0.14236327, -0.95947142, -0.19153163,  0.42737669,
         0.06344051, -1.40971039,  0.77245362,  0.2011201 ,  0.8204793 ,
        -0.7367512 , -0.66515072,  1.42136523,  0.48720245, -0.09659007,
        -0.28911246,  0.51275666, -1.07001878, -0.96841207, -1.04342915,
        -0.5387711 , -0.51329823, -0.29356571,  0.847653  ,  1.47986275,
         1.12096702, -0.14726905, -0.77030976, -1.1384846 ,  0.16189057,
         0.09490379,  0.7027281 ,  0.25855484,  0.44347256, -0.89348792,
        -0.33756667,  0.13308849,  1.56260787,  0.3564186 , -0.51416253,
        -2.08600919,  0.97002148,  0.08117571, -1.53021837,  0.29849888,
        -1.0169258 ,  0.07594785,  0.83249431,  0.3355877 , -1.47918811,
        -0.92929061, -0.65853195, -1.27524843,  1.15109634, -0.27556055,
         0.09276033, -0.48169942, -0.01562434,  0.32282584, -0.26507335,
         0.88990145,  0.04975464, -0.31524889, -0.85358101,  0.42507609]]), array([3.12501482])]]
