Dataset str(0)
Time elapsed in seconds
1.6339585781097412
[17, [array([[ 1.05576972, -0.07779397, -0.29821596,  0.82951379,  0.07530902,
         1.45369438,  1.10473449,  1.01392395,  0.25219419, -0.48239298,
        -1.17498949,  1.18361923, -0.04426303,  1.07929646,  1.05582053,
        -0.09274407,  0.22540127,  0.26109254,  0.21577105,  1.18590252,
        -1.21895054,  0.01316926,  0.09463686,  0.50422416, -1.1291034 ,
        -0.69247844,  0.64156089, -0.15259182, -0.75691178,  1.38250677,
        -0.09977566,  0.68009539,  1.43040778, -0.50156862,  0.40073862,
         0.30173341, -0.69713706]]), array([51.45201582])]]
Dataset str(1)
Time elapsed in seconds
0.526519775390625
[17, [array([[ 0.05354758,  1.04438814, -0.08619418,  0.74225681, -0.82069282,
         0.12520008,  0.14092283,  0.24970503,  0.07292437, -0.42379359,
        -0.51268631, -1.11873453, -0.48870622,  1.72265709,  0.05452371,
         0.28184515, -0.36378399, -0.49629284, -0.64067435, -0.95223426,
         0.61524138, -0.01990513,  0.08670174,  0.01111531,  0.30819006,
         0.13651788, -1.33099891,  0.96870698,  0.72138347,  0.53883177,
         0.4000765 , -1.0274113 ,  0.33173211, -0.13161922,  0.3350822 ,
        -0.25928601,  0.01786134]]), array([7.73630979])]]
Dataset str(2)
Time elapsed in seconds
0.3764040470123291
[17, [array([[-0.15661447,  1.28257421, -0.5228228 , -0.52430339, -0.941144  ,
        -0.04874961,  0.077319  ,  1.06779888, -0.15632838, -0.59393753,
         0.17852376, -0.27074837, -0.73089661, -0.08607403, -0.74837013,
         0.36422171,  0.5800757 ,  0.7058916 , -0.12024383,  1.18456113,
         0.40015028, -0.72728147,  0.23165627, -0.94494784,  1.29615506,
         0.32206589,  0.12569533,  0.29948152, -0.73111289, -0.64458672,
         0.24064247,  1.72727283,  0.56399416, -0.0717706 ,  0.52093195,
         0.16306549, -0.56553191]]), array([2.10223012])]]
Dataset str(3)
Time elapsed in seconds
0.12801241874694824
[17, [array([[-0.23158054, -0.18397636,  0.07072298,  0.22317893,  0.81104415,
         1.15204264, -0.09782416, -0.3380963 , -0.08695136, -0.59002911,
         0.32530088, -0.45670496,  0.71887571, -1.92984189,  0.28311155,
        -0.46599615, -0.02526081,  0.11134989, -0.19876842,  0.16526708,
        -0.53576205, -1.03801993, -0.83115814,  0.35523084, -0.91496468,
         0.64144057,  0.31507599,  1.2500012 , -1.20569641,  0.01698354,
         1.76417797, -0.1414911 ,  0.95029418,  0.14062404,  0.4169305 ,
        -0.58879565, -1.12447297]]), array([2.17644272])]]
Dataset str(4)
Time elapsed in seconds
0.10483145713806152
[17, [array([[-0.25705508, -0.41306713,  0.27872835, -0.49602336, -1.43953051,
        -0.88123287, -1.33258376, -1.05593968, -1.4169382 ,  0.8357371 ,
         0.59406023, -0.92331572, -0.7522185 ,  0.08338687, -0.82508571,
        -1.5994383 ,  0.14901894,  0.54448119,  0.09539443,  0.61338554,
        -0.45922264, -0.63942664,  0.69772081, -0.58868926, -0.43941769,
        -0.40382708, -0.62035449, -0.68518757, -0.79426009, -1.12536933,
        -0.62924938, -0.07499606, -0.96460097,  0.31259825, -0.15061404,
         0.38386716,  0.10322795]]), array([0.53278397])]]
Dataset str(5)
Time elapsed in seconds
0.08675670623779297
[17, [array([[-0.1286662 ,  0.39719555,  0.63155934, -0.47995743,  0.237108  ,
        -2.30927484, -0.49160338,  0.03028744, -0.8558434 , -1.22346937,
         1.82481422, -0.50754419,  0.9260819 , -1.64297304, -1.88313297,
        -0.27922994, -0.07638884,  0.28867355, -1.72830894,  0.60256281,
         0.66703433, -1.15652375,  0.65238235,  1.00197902, -1.66492605,
         0.78959253, -0.71401973,  1.30731638,  0.0680602 ,  0.58454348,
        -1.49613171, -0.73093877, -0.20412156,  0.42952305,  0.01141176,
         0.20737421,  0.70355909]]), array([0.8433277])]]
Dataset str(6)
Time elapsed in seconds
0.08812808990478516
[17, [array([[-0.27991573,  0.13039728,  0.82782968, -0.54248792, -0.30878578,
         0.19077351, -0.00617172,  1.14292507, -0.19623105, -0.48355963,
         0.23696532, -1.13663714,  0.12834014, -0.30974166,  0.14820457,
         0.23548227, -0.67793764,  0.6682028 , -0.28301975,  0.74787373,
         0.56772798, -0.06248802,  0.51982977,  0.35887431, -0.31253009,
         0.31188067, -0.6337092 , -0.19004189,  0.25059677,  0.13766399,
        -0.04483236,  0.12972245, -0.19739989,  0.02501303, -0.6908902 ,
        -0.05839402,  0.16534145]]), array([0.50661698])]]
Dataset str(7)
Time elapsed in seconds
0.08100199699401855
[17, [array([[ 0.87609021,  0.09196113,  0.79750254, -0.34009846, -1.31224713,
        -0.79636087, -1.26233294,  0.22566216,  1.34893019,  0.52453465,
         0.39998255,  1.31192281,  0.61095232, -0.34182137, -1.59460334,
         0.78308226,  1.13551081,  0.4425524 ,  1.41665032, -2.02605443,
         0.38702485,  2.25046533, -1.85005442,  1.59868997,  1.47454737,
         1.5747686 ,  0.75197037, -0.47419225, -0.45544754,  1.46934025,
        -0.89516129, -1.73456302, -0.13101765,  0.48594491,  0.19694083,
        -0.45712611, -0.5085257 ]]), array([0.61683297])]]
