Dataset str(0)
Time elapsed in seconds
1.9166862964630127
[17, [array([[-0.5045704 ,  0.875325  , -0.06594498,  0.94340061,  0.6570775 ,
        -0.34318218, -0.28671878, -0.44961895, -0.4601035 , -0.37444686,
         0.0956341 , -1.11960237, -0.14327847,  0.99761707, -0.83770003,
        -0.16078303, -0.80211864, -0.54945107, -0.47523338,  0.79830339,
         0.76524794,  0.69708826, -0.43091902,  0.30119189,  0.91414376,
         0.03665291, -0.64927708, -1.18746879, -0.4129627 , -0.17672698,
        -1.12093471,  0.19535817,  0.02862929,  0.27847736,  0.83996702,
         0.40460592, -0.81399801]]), array([1.82462705])]]
Dataset str(1)
Time elapsed in seconds
0.5557479858398438
[17, [array([[-0.31283927, -0.13121882,  0.70059795,  0.24401498,  0.13055706,
        -0.48088038, -0.23175312, -1.00852733,  0.42053177, -1.00509935,
        -1.20594506, -0.55568241,  1.03764475, -0.19186484,  0.44750767,
        -0.56749188, -0.05175579, -0.35029942, -0.20604978,  0.50155107,
        -0.89966579,  0.50657825,  0.48201334, -0.46645857,  0.37040955,
         0.49827166, -0.273465  , -0.02477547, -0.24202052, -0.65404575,
        -1.31290893,  0.84956925, -0.25925458, -0.51339686, -0.36675543,
        -0.11686921,  0.76848548]]), array([0.54767796])]]
Dataset str(2)
Time elapsed in seconds
0.3736855983734131
[17, [array([[-0.26050681, -0.38408947, -0.36639088, -0.15521819, -0.04792319,
         0.47905716,  0.03645284,  0.43443268,  0.03272289,  0.29624473,
        -0.26827694, -0.85195867, -0.42939582, -0.79972104, -0.70128904,
        -0.97493457,  0.23425693,  0.51561948,  0.75193468, -0.05196599,
         0.68780495,  0.26991923, -0.13859897,  1.66911164, -0.99770455,
        -0.0621454 ,  0.72997536, -1.03775926,  0.14268376,  0.27572788,
        -0.23301157,  1.50301897,  0.24839455,  0.73253028,  0.35207842,
        -0.71306   ,  0.31822745]]), array([3.81145287])]]
Dataset str(3)
Time elapsed in seconds
0.11691451072692871
[17, [array([[-0.21411068,  0.9544939 ,  0.27113134, -0.09306984,  0.46826832,
         0.03161247, -0.41692667,  0.32903298, -1.36846334, -0.18904686,
         0.60772879, -0.60054808,  0.50435288, -0.28664041, -0.03088522,
         0.07204817,  0.5466756 , -0.47446476,  0.75188848, -0.0774391 ,
        -0.3181197 ,  0.86198381,  0.15240428, -0.78796977,  0.61121661,
         1.15593055, -0.68866317, -1.53042169, -0.08885003,  0.49810766,
        -0.33871047,  0.10716516,  0.35612419,  0.33169187, -0.67016228,
        -0.83887172,  0.0625398 ]]), array([10.04606738])]]
Dataset str(4)
Time elapsed in seconds
0.10754585266113281
[17, [array([[-1.30166323, -0.46449091, -0.37130715, -2.03012523,  2.37084497,
         0.92016382,  0.78898815, -0.48096434, -0.34953969,  0.05350096,
         1.10053902,  0.06275961,  1.96375042,  0.86496305,  1.10297114,
        -1.68989983,  1.81372603, -0.35091755,  0.90674955, -0.96936375,
         2.52898415, -0.14811315, -1.95860895, -1.19443712,  0.55010262,
         1.20902338,  2.44673854,  1.48029036,  1.32309687,  1.23117756,
         1.5795124 , -0.85120912, -1.39478922,  0.40003895,  0.61732663,
         0.99020574, -0.26080685]]), array([2.84527553])]]
Dataset str(5)
Time elapsed in seconds
0.08983349800109863
[17, [array([[-1.05744757, -0.32631721, -0.28397584,  0.18038011,  0.17542756,
         0.7833508 ,  0.39981254, -0.23550361,  0.65822873, -0.62145577,
        -0.11380712, -0.13947919, -0.20200188, -0.52325158, -0.32830867,
        -0.48461966, -0.97693785, -0.03222194, -0.13001991, -0.02135586,
         0.83342741,  1.4638166 , -0.53150418, -0.15425123,  0.39808459,
         0.47447781,  0.05800095,  0.41436204, -1.35575976, -0.63368317,
         0.87992023,  0.36084271,  0.21727655, -0.76769699,  0.52932514,
        -0.29941475,  0.90166893]]), array([1.03715185])]]
Dataset str(6)
Time elapsed in seconds
0.07953953742980957
[17, [array([[-0.31169474,  1.47232958, -1.16390195, -0.66355469,  1.62201031,
         1.11864891, -0.25852773, -1.13553493, -1.16206842, -0.8557018 ,
         1.50016942, -1.06302755, -0.7454283 ,  0.00784933,  0.10420088,
         0.60198554, -0.54707789, -0.59199998, -0.7827692 , -1.40468094,
         0.63283681, -0.13562753, -0.45099589,  0.40056107, -0.14578578,
        -0.18227572,  0.36422587,  0.64434236, -0.60523672, -0.1693177 ,
        -0.69034651,  0.58011904, -0.81802845,  0.21507538, -0.68945461,
        -0.15311883,  0.75680473]]), array([2.1345905])]]
Dataset str(7)
Time elapsed in seconds
0.08358454704284668
[17, [array([[-1.20259599, -0.20813149, -0.49599285,  0.60594848,  0.06271639,
        -0.34695942, -0.1855155 , -0.08479984,  0.7908847 ,  0.46132464,
         0.02010134,  0.63203028,  1.68342236, -0.44079581,  0.28447361,
         0.28188916,  0.43351406,  0.43834654,  1.06210288,  0.76412205,
        -0.14773642, -0.53774424,  0.25321288, -0.05947785,  1.26946558,
         0.21180175,  1.82967218,  0.91054746, -1.15794824,  1.52029307,
         0.04403265,  0.54957721,  0.07371896,  0.49713494, -0.09315781,
         0.40224551, -0.50430715]]), array([0.17388978])]]
