Dataset str(0)
Time elapsed in seconds
4.903409957885742
[22, [array([[ 2.77528477e-01,  8.88408970e-01,  6.56841446e-01,
         1.04905764e-01, -6.25291751e-02,  4.00783121e-01,
        -7.62538033e-01, -8.20024117e-01,  6.29767559e-01,
        -3.59738950e-01,  2.82693108e-01, -3.22155799e-01,
         6.63564800e-01, -1.42161764e+00, -2.64469263e-01,
         1.08608958e+00, -4.32319187e-01,  2.34580950e-01,
        -3.74928956e-01, -4.79973536e-01, -1.51620577e-01,
        -1.18502446e+00, -2.64486818e-01,  2.67024851e-01,
         1.52051054e-01, -7.66547661e-02,  7.96422571e-02,
         4.78524562e-01, -3.75878695e-01, -1.37683841e-01,
         1.12212984e+00, -9.03333182e-01,  2.52514958e-01,
        -3.05661430e-01, -9.41738758e-01,  2.79269389e-01,
         6.27823264e-02,  1.48835685e-01,  3.45006128e-01,
        -4.84426280e-01, -4.18199899e-01,  1.33360652e+00,
         6.23129004e-01,  5.34642659e-01,  4.36995514e-01,
         7.33796288e-01,  6.57913234e-01,  2.70589453e-01,
        -6.20446149e-01,  1.08167557e+00, -1.75577098e-01,
        -3.61181556e-01, -4.88821646e-02,  7.31998210e-01,
         7.29493747e-01,  2.20170293e-01, -1.98440201e-01,
         2.87400744e-01,  2.42885839e-01,  2.48874681e-01,
         4.94782129e-02, -3.08083214e-01,  1.16743748e+00,
        -5.83773755e-01,  2.56157575e-01,  6.37478644e-01,
         8.36026599e-01,  5.06777297e-01, -8.17076876e-01,
        -5.91235769e-01,  9.89781096e-02,  1.10918522e-01,
         7.58674386e-02,  9.32023248e-01, -1.15879454e-01,
         2.56935410e-01, -4.34628553e-01, -7.95163994e-01,
         1.08664926e-01, -3.72789576e-01, -6.90726525e-01,
         5.63517396e-01, -4.35229523e-01,  2.52104023e-01,
        -2.01485801e-01,  6.21324717e-01, -1.00995058e+00,
        -4.91280279e-01,  6.89532316e-01,  7.30954365e-01,
        -3.18214758e-01,  1.58945337e-01, -1.52833845e-01,
         1.64627636e-01, -2.67313152e-01,  6.74594803e-01,
         3.00903997e-01, -1.25887014e+00, -6.79808077e-01,
         9.05903897e-01,  1.31145353e+00,  9.73776819e-01,
        -1.28216122e-01, -7.04701692e-01,  1.55091809e+00,
         1.79128238e-01,  4.45570792e-02, -2.89532523e-01,
        -2.85887645e-01, -2.13227987e-01,  3.84671763e-01,
         6.01526964e-01, -5.48436262e-01, -6.29163549e-01,
        -2.09968300e-01, -2.29721756e-01,  3.95621233e-01,
        -4.10729927e-01,  8.23905214e-01,  8.26384416e-01,
         7.87347538e-01,  8.70962342e-02,  1.15463487e+00,
         6.87924748e-01, -8.04069383e-01, -1.79258806e-01,
         8.95435738e-01,  1.14514692e-01, -2.74456981e-01,
        -1.07146093e+00, -8.03978606e-02,  3.17458741e-01,
         1.43431607e-01, -3.62675901e-01,  4.56564075e-02,
        -7.14354163e-01,  1.14201871e+00,  9.60094304e-05,
        -6.56494758e-01,  2.01192494e-02,  1.20912357e+00,
         9.87745654e-03, -1.12968824e-01,  1.47806701e-01,
         1.06955708e+00,  5.12621348e-01, -5.26018536e-01,
         9.15220248e-01,  1.38580299e+00,  4.78531124e-01,
         3.52100365e-01,  7.02778575e-01, -6.61306387e-01,
         1.13040278e+00, -2.20052744e-01,  1.31921239e+00,
         2.06502594e-01, -3.53002432e-02,  8.90305971e-01,
         7.24804558e-01,  2.87807026e-01, -4.99683697e-01,
         1.20671443e-01,  6.91378686e-01, -1.12479503e+00,
        -2.72590787e-01, -1.57733360e-01,  2.18238458e-01,
        -9.84366493e-03,  5.25970474e-01, -2.64215587e-01]]), array([71.61583325])]]
Dataset str(1)
Time elapsed in seconds
1.2789721488952637
[22, [array([[-0.5028473 , -0.40213804, -0.31276357,  1.14448443,  0.28230032,
        -0.5083961 , -0.04040841, -0.11275859,  0.04973757,  0.00390832,
         0.22900373, -0.75980261,  1.14125005,  1.05041636, -0.10099821,
         0.03769686,  0.45157026, -0.21327344,  1.31286613,  0.43170582,
        -0.28487954,  0.25596978, -1.21886148, -0.36392292,  1.19249271,
        -0.45330805,  0.05174215, -0.06828845, -0.3297054 ,  0.0692252 ,
        -0.10298977, -0.15732601,  0.24223853,  0.51588273, -0.4336491 ,
         0.44902623,  0.24093849,  0.55297098, -0.66495122,  0.14444734,
         1.49118357, -0.31168125,  0.50136524, -0.16725145, -0.31270578,
         0.38271781,  0.01518821,  0.01813963,  0.14056426,  0.24399206,
         0.20591535,  0.1997952 , -0.62712999,  0.17153394,  1.09159529,
        -0.03470641,  0.79143895,  1.255308  ,  1.77047862,  0.18794971,
         0.0739908 ,  0.65034479,  0.9542661 , -0.25187341,  1.14554232,
         0.42406153,  0.20298642, -0.77472907,  0.68593563,  0.87743073,
         0.86477354, -0.1098312 ,  0.13823066, -1.17062327,  0.12976738,
         0.78205319, -0.24178245,  0.4673516 , -0.59300989,  0.54196028,
         0.12887977,  0.20926217, -0.37926798,  0.28964782, -0.63887614,
         0.71257707, -0.93557481,  1.14468272,  1.23631957, -0.09510653,
         0.13671659,  0.88983905,  0.58781052, -0.37109673, -0.25186869,
         0.68847175,  0.40099833, -0.19174242,  0.30506853,  0.19392452,
         0.07561917, -0.82058894, -0.10471619, -0.24573516, -0.67626305,
         0.97696066,  1.01948981,  0.35581247,  0.67575163,  0.88726287,
         0.05607831,  0.66564353,  0.52648295, -0.41040511, -0.70091945,
         1.00467442, -0.67906265,  0.15197813, -0.00254119, -0.88044529,
         1.17216571,  0.83884452, -0.38474916, -0.08072809,  0.94493642,
         0.64505845,  0.65286725,  0.53390546,  1.11991102, -0.08288434,
         0.94295546,  0.14753723,  0.08206246, -0.15639213,  0.52027775,
         0.38738318,  0.11359377,  0.65867765, -0.07328109,  0.46014255,
         0.39420561,  0.01637481, -1.1643975 , -0.5486111 , -0.02088946,
        -0.19449134, -0.81135723,  1.23052448, -0.89534895, -0.74418672,
         0.24811471,  0.62748255,  0.16948135, -0.63295945,  0.13883342,
        -0.64831513,  0.30968108, -0.44161927, -0.14136473, -0.2048914 ,
         0.18244141, -0.10886729,  0.162355  ,  0.61164734,  0.22007618,
        -0.45372475,  0.33261715,  0.30698466, -0.47900096,  0.49841723,
        -0.51064727]]), array([68.88548986])]]
Dataset str(2)
Time elapsed in seconds
0.9900527000427246
[22, [array([[-0.08226652, -0.54830692, -0.23397284,  0.3634954 , -0.34557712,
        -0.28153134,  0.02116694, -0.42093561,  0.10632593, -0.32286599,
        -0.06827204, -0.56165406, -0.57531121,  0.78336936,  0.4715271 ,
         0.24022134,  0.85260758, -0.12676285, -0.3108993 ,  0.40937418,
        -0.87828099, -1.62841956, -1.20651056, -0.69949515,  0.33421672,
        -1.45896261, -0.47213574,  0.05645053, -0.15112645, -0.76325982,
        -0.88412683,  0.37410751,  0.64509998,  0.81404397,  1.03561234,
         0.6517801 ,  0.54516809,  0.00595215,  0.92263332, -0.33350617,
        -0.00775545, -0.10285704, -0.65658124,  1.75346272,  0.42260336,
         0.57150078, -0.31085304, -0.74343896,  1.08371251,  1.34946506,
        -0.4150641 ,  0.24115969,  0.88296175, -0.86793574, -0.26355159,
         0.265782  , -0.5255678 ,  0.39716037, -2.03977762, -1.03248798,
        -0.24382861, -0.61888003,  1.21732151, -2.29473758,  0.74185018,
         0.44289381, -0.45477979,  0.13867072, -0.83292272,  0.34167329,
        -0.08681254,  0.6234844 , -0.32684082,  0.15842303,  0.63167343,
        -1.02782135, -0.4873932 , -0.10581234,  1.00244929,  0.33405327,
         0.10574526, -0.54009898,  0.45492944, -0.26699133, -0.58790552,
         0.26983239, -1.20715527,  0.70797305, -0.45224203, -1.18857135,
         0.27639621, -0.02243773, -0.09141658, -0.14527383, -0.31155048,
         1.64893876,  0.2675002 ,  0.65544861,  1.09458933, -2.22897788,
         0.20747101, -0.62250573,  0.2572533 ,  0.6038468 , -0.01861966,
         0.54495851,  0.64182451,  0.23833927, -0.88920046,  0.14275614,
        -0.60127803,  0.05608966, -1.04880095,  0.2008911 ,  0.1220935 ,
        -0.55507274, -0.14290627, -0.07203289, -1.16466942, -0.87285767,
         0.59182587, -0.18047376,  0.54422465, -0.42240858, -1.32282082,
         0.00356583,  0.48316394, -0.23732721, -0.70831667,  1.56416754,
        -0.27607764, -0.0183343 ,  0.85311163,  1.00129916,  0.19885869,
         1.66745848,  0.57087703,  0.35987689,  0.05192237, -0.21115576,
         0.39953021,  0.17043263, -0.77471842, -1.61401852, -0.20813858,
         0.60524147,  1.20594219, -0.27711046, -0.32464796,  0.2648479 ,
         0.10970587, -1.05830476, -1.37207305, -0.60401003,  1.14568005,
         0.28141783, -0.05838136,  0.35653871, -1.01985881, -1.11039005,
        -0.55764073, -0.04970996,  0.05999861, -1.01497231,  0.87547286,
         0.15317902,  0.42919556, -0.32161071, -0.43390582,  0.28386779,
         0.01522108]]), array([20.74798667])]]
Dataset str(3)
Time elapsed in seconds
0.5148844718933105
[22, [array([[ 0.16956168,  0.61806768, -0.26246367, -1.02406714, -0.00813664,
         0.79483485,  0.50727164, -1.12984361,  0.56768988,  0.68674491,
        -0.14975334,  0.56353186, -1.01411786, -0.96583092, -0.98993865,
         1.55134619,  1.66469922, -0.61772827, -2.10679814, -0.77229427,
         0.45641566,  0.66154223, -0.45053324,  1.38538418,  0.08314023,
         0.57945886,  0.5417643 , -0.85658532, -0.50896486, -0.17100982,
         0.18976386,  0.18723915, -0.20521976,  0.32953918, -0.86891639,
         0.4974541 ,  0.26002078,  1.05998501,  0.4802057 ,  0.14575265,
        -1.86608208,  1.07065004, -0.05237494,  0.40620933, -0.23788862,
         0.00666783,  1.52815269, -0.42184569,  0.86130947,  0.10692901,
        -0.89013836, -0.46698357, -0.48982055, -1.38693012,  1.06402735,
        -0.45851309,  0.48227936,  1.20359603, -1.09465334,  0.76181682,
         0.46531801, -0.14281153, -0.20190015,  0.24114095, -1.2201072 ,
         1.0347324 ,  0.08870164, -1.00320954, -2.39983101,  0.66209553,
         0.12490142, -0.14467901,  1.06113832,  0.58225021, -0.12660751,
         0.89989727,  0.14787638, -0.78918204,  0.10261131,  0.6654856 ,
         0.36825098, -0.87446818,  0.63817465, -0.18346923, -0.55825642,
        -0.13619486,  0.18649499, -0.08497646, -0.41252272,  0.50311595,
         0.037807  , -1.02643443,  0.57806538,  0.54844194,  0.29341224,
         0.50232045,  1.03750713,  1.50453735, -0.99391966, -0.49725279,
        -0.68395714, -0.33531737,  0.93277344,  0.79380179, -0.27144515,
         0.28168771,  1.26941169, -0.10028538,  0.61545073,  1.11188626,
         0.16894316, -0.56458168, -0.63932952, -1.1868509 , -0.7986366 ,
        -0.6731246 , -1.31997804,  1.81092222, -1.32620251, -1.16281032,
         0.20816896, -0.52072278,  0.20279508, -0.22449438,  1.47242349,
        -1.54034087, -0.31577853,  0.44096293, -1.86628005, -0.67078474,
        -0.25179199, -0.73276487, -0.99118917,  0.77365643, -1.25219326,
         0.39266586, -0.76826918, -0.54693461, -1.19934773,  1.02338301,
         0.44994494,  1.44559703,  1.03411905, -0.77609619,  0.70975532,
        -0.71042053, -0.51920194,  1.39535373,  0.96984369, -0.89765862,
         0.26433241, -0.7710859 , -1.53609047,  0.22859156, -0.43045914,
         0.48469165,  0.14137927, -0.10328735, -0.33047002, -0.38345886,
         0.18750594,  0.31803934,  0.48148022,  0.76982507, -0.96697443,
         0.78162118,  0.22422849, -0.3995368 ,  0.57305142,  0.59558424,
        -1.3128503 ]]), array([15.46840489])]]
Dataset str(4)
Time elapsed in seconds
0.346860408782959
[22, [array([[ 3.73963422e-01, -3.44711747e-01,  4.28253093e-01,
        -2.30521315e-01,  1.21343673e-01,  7.40761254e-01,
        -4.54723794e-01, -5.75930388e-01,  5.66949973e-01,
         9.58769998e-01,  6.46100895e-02, -4.47812424e-02,
         3.55211551e-01,  8.14825196e-01, -1.23157048e-01,
        -1.04308239e-01, -3.15037569e-01,  5.16553509e-01,
         2.76441277e-01, -9.28199713e-01,  2.69908778e-01,
         2.54072094e-01,  4.89332227e-01, -1.08980330e+00,
        -1.81896453e+00,  2.34090605e-01, -4.91890550e-01,
        -2.22833887e-01, -1.80279452e-01, -3.70751713e-01,
         4.42093096e-01, -3.39910050e-01, -2.81581030e-01,
         1.23804495e+00, -3.19187632e-01, -7.36669256e-01,
        -1.58247388e+00, -3.05228683e-01,  4.49449814e-01,
        -4.53085377e-01,  4.82182948e-01, -8.89194562e-01,
         3.22710335e-01,  2.18666686e-01,  9.59875323e-01,
         9.45297850e-01,  3.22036222e-01,  1.93328685e-01,
        -1.55713948e+00,  7.23285846e-01, -3.73098940e-01,
         7.56605108e-01, -8.87637725e-01, -6.10088407e-01,
         4.89614945e-01, -2.54948732e-01, -3.46578361e-01,
         1.18385685e-01,  1.15307862e-01, -9.36147582e-01,
         2.51805524e-01, -1.07963507e+00,  2.14147178e-01,
        -1.61996959e-01,  6.71150069e-01, -3.83002418e-01,
         1.08858040e+00, -4.98535974e-01,  3.32832235e-01,
         7.66632161e-01,  3.92542752e-01, -1.40657095e-02,
         1.43759577e+00,  1.02928546e+00, -2.01762157e-01,
        -9.06757170e-01,  2.06697878e-01, -8.07318067e-01,
         3.56256247e-01, -1.23273001e+00, -4.46400378e-01,
         6.59385903e-01,  2.11069590e-03,  1.33165628e+00,
         4.26417425e-01, -1.45183103e+00, -8.40951197e-02,
         6.65114428e-02, -9.78182397e-01, -7.67550041e-01,
         9.33700059e-01,  1.02914511e+00, -4.91916422e-01,
         1.53030780e+00,  9.59135441e-02,  2.72886517e-01,
         7.70734803e-01, -1.82040478e-02, -3.65585629e-01,
         6.35922821e-01, -5.84666753e-01,  3.45078197e-01,
        -1.27467164e+00,  2.93121810e-01,  1.34354708e-01,
         4.95574264e-01, -3.33231421e-02, -6.83024768e-01,
        -5.98591726e-01, -1.71842170e-03, -7.42811551e-01,
        -2.63384294e-02,  6.34804683e-01,  6.31752985e-01,
        -4.40940588e-02, -1.66764909e-02, -2.11383525e-01,
         1.23851959e+00, -8.17426556e-01, -4.20403540e-01,
         1.59341281e-01, -9.14819004e-02, -6.34800915e-01,
         1.28576085e-01,  8.72423396e-01, -3.84617057e-01,
        -7.66217721e-01, -9.84878985e-01, -9.57243785e-02,
        -9.23424453e-01, -1.98539423e-01,  7.65364785e-01,
        -3.87046756e-01, -3.88095557e-03,  4.84792838e-01,
         1.09814716e-01,  8.86407702e-01, -1.08976445e+00,
         4.58376859e-01,  5.45153786e-01, -2.41833760e-01,
         1.03762706e+00, -4.51738059e-01, -4.21496151e-01,
        -4.98882952e-02,  8.31027138e-01, -1.90800300e-01,
        -1.86543964e+00,  1.31825710e-01, -1.57005607e-01,
         8.34206730e-01, -2.87571384e-01,  5.74434460e-01,
        -1.02288803e+00, -3.26813684e-01, -1.55430514e+00,
         1.44333529e+00,  4.34532753e-01, -7.57228069e-01,
        -9.40598020e-01,  6.50889898e-02, -7.94001975e-01,
         3.77571662e-01, -6.21747518e-01,  3.65646310e-02,
        -5.29707962e-01,  6.38375352e-01,  1.27898182e+00,
        -5.48212852e-01, -8.29632162e-02,  1.15567174e-01]]), array([27.58770102])]]
Dataset str(5)
Time elapsed in seconds
0.19110321998596191
[22, [array([[ 0.51676917,  0.06621625,  0.72860655,  0.01622013, -0.75550719,
        -0.51984562, -0.55415913,  0.19061762, -0.35428052, -0.00776549,
         0.89066206, -1.18090663, -0.0985969 ,  0.33887557, -1.04791483,
         0.23819913,  1.4336958 , -0.12955038,  0.47788436, -0.48028957,
         0.7117004 , -0.47129715,  0.60029983, -0.94388768, -1.2213709 ,
         0.5278202 ,  0.49992532, -0.3790691 ,  1.00568389, -1.21750538,
         0.22933787,  0.25081682, -0.65024115,  0.43930765,  0.00757934,
        -0.49615314,  1.75832791, -0.06941569,  1.10564222,  0.3934406 ,
         0.62438503,  0.66157965,  0.10853775,  1.07042272,  0.88447188,
        -0.53903762, -0.18153011, -0.28880602,  0.95698298, -0.54782158,
        -1.97701063, -0.31528337, -0.57345362, -0.17678228, -0.34512049,
        -0.5504772 ,  0.67353558, -1.73980214, -0.1487931 ,  0.62591129,
         0.50901106, -0.13378959,  0.66436651,  1.67975486,  0.05168384,
        -0.04724121,  0.12605666,  0.21625677,  0.53807016,  1.80022873,
         0.16242873, -0.6868687 , -1.10128049,  1.56258101,  0.02306946,
         1.5400901 , -0.61700982, -0.25170289, -1.10890982,  0.09388399,
         0.59578402, -0.47356896, -0.53570403,  0.88178961, -0.89879264,
        -0.28807006,  1.08639453,  1.05851155, -0.43490101,  0.63232245,
        -0.21441051,  0.72620608,  0.30824774, -0.58672503,  0.40847998,
        -1.39285205, -0.50047795, -0.65979383,  0.08731725, -0.47924859,
        -0.70073833, -0.66958719,  0.71052118,  1.03601966,  0.29171694,
        -0.46593956, -0.63025506, -0.72052636,  0.04521031, -0.04631072,
        -0.73450424,  0.39504091, -0.46493729, -1.39916066, -0.35080074,
        -0.24471945,  0.08643282, -0.25373827, -0.96041928, -0.44041061,
         0.69987996,  0.34658876,  1.06170553, -0.34843347,  0.76313196,
         1.24715781,  0.13964937,  1.28881839,  1.32207664,  0.2092164 ,
        -1.60168584,  0.87320544, -0.95231755,  0.11539686,  0.64028798,
        -0.57896499, -0.42752859,  0.08070958,  2.54081809, -0.11881314,
        -0.91968775,  0.43315143, -0.21955318,  0.5224018 , -0.28961961,
         1.37080106, -0.67377128, -1.17573922,  0.59683197,  0.71429399,
        -1.01403224, -0.01976099,  1.01774041,  0.64221195,  1.30219078,
         0.90485079,  1.06343968, -0.05350096,  1.12840807, -1.31336383,
        -1.26438818, -0.12288485,  0.50256411,  0.06324297,  0.37100461,
        -0.11982834,  0.18784583,  0.13756794, -0.00996101,  0.08372151,
         1.15839908]]), array([2.30140686])]]
Dataset str(6)
Time elapsed in seconds
0.1506805419921875
[22, [array([[-1.25474519e+00, -1.08019703e+00,  8.30757241e-01,
        -2.45042862e-01,  7.70277076e-01,  8.39833955e-01,
        -1.65183176e-01,  1.17463595e+00, -3.37688957e-01,
        -7.86775864e-02,  4.71101706e-02, -2.93171650e-01,
        -1.11056431e+00, -1.31503308e-01,  1.47384334e+00,
        -9.59671716e-01, -4.68179650e-02, -6.39273663e-01,
         1.06458073e+00,  2.54188838e-01,  2.39318092e-01,
         2.91404696e-01,  3.62769018e-01, -3.78892894e-01,
        -3.39245887e-01,  4.74348874e-01, -4.02217263e-01,
        -1.05317352e+00,  4.79639596e-01, -2.27277399e-01,
        -1.10692594e+00, -6.48158345e-01,  9.12026765e-01,
        -9.19421228e-01,  5.87007251e-01, -1.23334732e+00,
        -5.45598731e-01, -1.15149279e-01, -5.13824680e-01,
         1.42232044e+00, -1.64043057e+00,  1.39812327e-01,
        -5.93510570e-01,  8.05582538e-01,  8.69336099e-01,
         1.15622028e+00,  2.32118394e-01, -1.24949467e+00,
         1.64600462e-01,  1.00241267e-01,  4.08110182e-02,
        -4.33567399e-01,  2.56409340e-01, -3.29193138e-01,
        -2.80167639e-01,  4.92827819e-01, -8.74899192e-01,
         1.32986083e+00,  1.14005095e+00, -2.10489054e+00,
         3.83404769e-01,  3.67575035e-01, -1.39465019e-01,
        -1.36529061e+00, -1.59364450e-01, -7.88146167e-01,
        -9.77486544e-01,  1.61179273e+00, -5.51983639e-01,
         7.88183008e-01, -5.30032579e-01,  4.70185328e-01,
        -7.18123413e-01, -1.11321710e+00,  1.66462296e-01,
         7.12156341e-01,  9.97617802e-01, -4.31447936e-01,
         2.73673180e-01,  5.36374473e-01, -1.71119906e-03,
        -1.12013321e+00,  8.09128519e-01, -2.50453484e-01,
         5.32349020e-01, -1.02712390e-01, -3.74358156e-01,
        -1.74367351e-02, -4.97727107e-01,  7.33642475e-02,
        -1.36506708e-01,  6.50484928e-01, -7.02016259e-01,
         1.16580984e+00, -4.68246160e-01,  6.78691061e-01,
         1.11501488e-01, -1.50184526e+00, -4.10912590e-01,
         3.90427501e-01,  4.46538327e-01,  2.84057897e-02,
        -3.38295495e-02, -8.73570355e-01,  2.10658192e-01,
        -9.80215441e-01,  3.14474038e-01,  9.25048838e-01,
        -1.53832317e+00, -1.33279097e+00, -7.43539706e-01,
         1.04874283e-01,  2.26135796e-01, -1.29187683e+00,
        -6.73660954e-01,  6.36462282e-01, -1.71138158e-01,
         1.03438603e+00, -3.61788797e-01, -6.22692927e-01,
        -1.26521226e+00, -1.94902973e-01,  3.74827177e-01,
        -2.52508139e-01, -3.07785586e-02, -7.22048671e-01,
         4.12592972e-01, -1.10259948e+00, -1.45080386e-01,
         4.88364269e-01,  6.70507728e-02,  9.41770349e-02,
        -5.08312531e-02, -1.04814728e+00,  5.43537997e-01,
        -1.55596542e+00, -7.00208995e-01,  1.41778575e+00,
        -7.62516075e-01,  1.80101554e-01,  7.83393607e-01,
         7.60564493e-01, -5.86378977e-01, -6.05482861e-01,
        -3.74904389e-02, -4.71444146e-01,  1.12990921e+00,
         8.42468867e-02, -3.27961468e-03, -1.96748229e-01,
        -1.42442463e+00, -1.80732262e+00,  2.52142922e-02,
        -1.80162220e+00, -6.30370177e-03, -1.98493260e-01,
        -4.99347385e-01, -1.06327355e-02, -3.40242874e-02,
         1.34205625e+00,  8.26390177e-01, -8.96149507e-01,
        -4.29989585e-01, -9.88610514e-02,  5.49673324e-02,
        -2.95836810e-01,  1.39990695e-01, -1.76778319e-02,
         4.71338423e-01, -2.16580188e-01,  2.59211191e-01]]), array([1.58163535])]]
Dataset str(7)
Time elapsed in seconds
0.13724684715270996
[22, [array([[ 0.11230124, -1.19716275, -0.28821765,  0.68631993,  0.17297077,
        -0.3573044 , -0.23326406, -0.46961318,  1.04119318,  1.04145958,
         0.40668541,  0.55545992,  0.17297948,  1.34866227,  1.37724387,
         0.95205756,  2.49387485,  0.24092382,  0.1349955 ,  0.78190878,
         0.10523056,  1.33306365, -0.95221025, -0.00759823,  0.56163248,
        -0.45756455,  0.74052587, -0.18622731,  0.69934858, -0.46025406,
         0.05419779,  0.95230752,  0.31079243,  0.37338576, -0.0677494 ,
         0.7374582 , -0.66238323,  0.82264898, -0.18218338,  0.1300683 ,
        -0.06667542,  0.13280989, -0.68897711, -0.10000586,  0.16041983,
        -0.31133744,  0.81725328, -0.33122532,  0.49484783,  1.04315967,
         0.46904556, -0.31313911,  1.09211104,  1.11732752, -0.12812162,
        -0.83789037,  0.00499203,  0.2839082 , -0.32838631,  1.02912218,
        -0.12432894, -0.59994213, -0.25076877,  0.13152627,  0.43852871,
         0.32738588, -0.64120654, -0.31703822, -0.16479786, -0.50460587,
         1.61227069,  0.55836907,  0.47623819,  0.25536074,  0.42590255,
        -0.28000838,  0.36292716,  0.66269827,  0.97458488,  0.36772537,
        -0.52104041,  0.36471535, -0.85633297,  0.55919402,  0.12445435,
        -0.40951209, -0.23901295,  0.60582742, -1.36830854, -0.06454235,
         0.20635071, -0.46657982, -0.62114874, -0.31440082,  0.26939984,
         0.1955832 , -0.12317937, -0.46411915, -0.97397235, -0.30544054,
        -0.4417371 , -0.0863724 ,  0.50831554, -0.66300967,  0.31179032,
        -0.2730148 ,  0.3084423 , -0.36490507,  0.12612037, -0.01362923,
         0.09204912, -0.20558613,  0.98171985, -0.57191176,  0.32356123,
        -0.16668334, -0.40176993,  0.10349494, -0.33960428,  0.23083014,
        -0.57042264, -0.18716779, -0.83782258,  0.32808491,  1.11235691,
        -0.99073017, -0.68490259,  0.0525975 , -0.60768074,  0.28847441,
         1.20892808,  0.56760887, -0.44764333, -0.04785802,  0.26736204,
         0.31819707,  0.15870697,  0.66163185, -0.1771756 ,  0.82525373,
         0.83674871,  0.80284692,  0.67681194,  0.28212239,  0.16004372,
         1.53619607, -0.44230305,  0.48018617,  0.41198644,  0.08931143,
         0.6118208 , -0.49877294,  0.45716998,  0.13925299,  0.34676326,
        -0.29537544,  0.5458256 , -0.08977297,  0.17071996,  0.92094203,
         0.1525237 ,  0.09175624, -0.30645731, -0.02785344,  0.28839266,
         0.34614788,  0.20051319, -0.23463902, -0.07254868, -0.13436904,
         0.0348208 ]]), array([3.09455597])]]
