Dataset str(0)
Time elapsed in seconds
8.793283462524414
[22, [array([[-3.55692790e-01, -4.88984824e-01,  5.84190127e-01,
        -1.47570974e-02,  4.53108558e-02, -4.03042027e-01,
        -6.99018180e-01,  1.29661941e-02,  2.40291292e-01,
         6.90658013e-01,  1.11764416e+00, -1.00936082e+00,
         1.43547728e+00, -4.49702463e-01, -1.20652164e+00,
         2.56189997e-01, -4.61210677e-01, -3.01923048e-01,
        -1.31227775e-01, -7.83999319e-01,  3.55886963e-02,
        -7.26393316e-01,  9.20205078e-01,  1.49069595e+00,
        -1.46388937e+00, -7.57599314e-01, -5.34776857e-02,
         3.98750411e-01, -1.32709430e+00, -1.00359106e+00,
         4.19249147e-01, -4.33211210e-01,  2.12547129e-01,
         9.42590189e-02,  4.22484639e-01, -4.27113040e-01,
         2.27360595e-01, -6.20935413e-01,  8.37581013e-03,
        -7.02303379e-01,  1.44594812e+00,  9.45717310e-01,
         4.28448266e-01,  4.62580561e-01, -1.15095943e+00,
         1.43819045e-01,  1.78264275e+00,  9.00090299e-02,
         4.17957541e-01, -3.54840122e-01, -1.22736689e+00,
         4.77353034e-01,  6.31247732e-01,  3.56715284e-01,
        -4.70141077e-01, -1.22715859e+00,  4.97331880e-01,
        -3.90476286e-01,  4.63695073e-01, -8.47309942e-01,
        -2.47822932e-01, -1.42604154e+00,  1.35464553e-01,
         7.68135664e-01,  7.49201814e-01,  1.77892574e-01,
         3.38858553e-01, -2.09786191e-03,  1.57162931e+00,
         1.67393159e-01, -1.17564831e+00, -4.54182634e-01,
         7.35763716e-02, -6.10409637e-02, -3.46408059e-01,
        -2.19564391e+00, -4.35960668e-01, -4.41545256e-01,
         3.73961817e-01,  1.14858574e+00,  3.25388519e-01,
        -1.19423986e+00,  7.61115587e-01,  8.00733742e-02,
        -8.86430268e-01,  4.85773894e-01, -4.34177582e-01,
        -3.43011948e-01,  5.19638021e-01,  2.39222917e-01,
        -3.19782179e-01, -4.54461626e-01,  9.02971730e-01,
         2.78529140e-01, -5.93386870e-02, -6.21009207e-02,
        -5.03996266e-01, -2.42104444e-01,  1.10426916e+00,
         6.04425067e-01, -5.00179802e-01,  5.71488651e-01,
        -2.27093064e-01,  9.35728833e-01,  5.12246042e-01,
        -4.11276911e-01,  1.33978873e+00,  1.14254998e+00,
         8.35195279e-01, -5.31863113e-01,  6.60222301e-01,
         7.47798838e-01,  5.81926133e-01,  8.53452064e-04,
         5.88391355e-01,  5.91102576e-01, -4.64538595e-01,
         3.88999213e-01,  7.57562101e-01, -1.61724213e-01,
        -1.64927108e-01,  6.45007753e-01, -6.52241811e-01,
        -7.94653861e-02,  9.71344041e-01, -7.20036824e-01,
         2.27551763e-01,  7.21759696e-01,  9.14126309e-01,
        -8.21952664e-01, -8.80277041e-02, -8.93744199e-03,
         1.69092808e+00, -3.91712714e-01,  5.28148631e-01,
        -6.35432953e-02,  8.82454125e-02, -3.90998393e-01,
         3.08533068e-01,  4.16594717e-01,  7.40805956e-01,
        -4.51621009e-01, -6.09229670e-01,  7.14838395e-01,
         7.80871830e-01, -4.82642226e-01,  3.53335069e-01,
        -2.23098550e-01, -1.19778436e+00, -4.67254549e-03,
         1.90543972e-01, -7.48001772e-02,  1.37269342e+00,
        -4.19619608e-01, -7.21623201e-01,  2.61440653e-01,
        -6.62064270e-01,  2.97749594e-01, -1.14720030e+00,
        -3.95299325e-01, -1.43914673e+00, -1.98675582e+00,
         9.72641431e-02, -1.30447607e-01, -1.10670437e+00,
         8.18215317e-01, -4.08194865e-02, -3.75060992e-01,
        -1.13585195e+00, -1.44794496e-01,  1.29260763e-01,
        -2.95911947e-01, -9.73584937e-01, -3.63947908e-01,
        -5.92627966e-01,  5.34133599e-01,  9.18771814e-01,
        -5.73758247e-01,  7.73601569e-01,  3.86615637e-01,
         7.87999465e-02, -1.56240766e+00,  2.94884135e-01,
         5.01870993e-01, -6.27307652e-01, -1.25409608e+00,
         1.12088349e+00, -4.07844108e-01, -2.09303690e+00,
         1.77153181e-01, -2.71882444e-02, -3.69620148e-01,
        -1.03863725e-01,  1.08649418e-01,  6.18380855e-01,
         1.09352789e+00,  3.73103169e-01, -1.96478427e-01,
        -3.18640885e-01,  4.10803118e-01,  8.38036072e-01,
        -2.85699606e-01,  4.91867311e-02, -2.80864831e-01,
         3.85974084e-01,  2.90666014e-01, -5.13756807e-01,
        -6.67803790e-01, -2.37981053e-01,  3.61724772e-01,
         4.66257398e-01, -2.28162047e-01,  7.89835360e-01,
        -4.71512230e-01, -1.36288693e+00,  3.17037644e-01,
         6.24680496e-01, -4.39570041e-01,  1.42096627e-01,
         8.57969428e-01, -3.29249730e-01, -6.29934987e-01,
         1.66223298e-01, -5.06703963e-02, -6.18867297e-01,
         1.32658242e+00, -2.48026892e-02, -6.21803398e-01,
         9.72180385e-01, -9.40305202e-01, -5.36467577e-01,
        -5.67531774e-01,  1.43007729e-01,  1.18501008e+00,
        -3.74666449e-01, -8.61559023e-01,  7.35768817e-01,
        -5.18030685e-01, -9.05278351e-01, -1.36437684e-01,
         1.07401438e+00,  6.44547320e-01,  7.17018568e-01,
        -3.95595233e-01,  4.33703274e-01,  1.76849417e-01,
        -5.79222522e-01, -2.22836954e-02,  1.77273893e-01,
         1.36776424e+00, -3.94397092e-01,  5.12200994e-01,
         6.15898928e-01, -5.97501135e-02,  1.55554047e+00,
        -1.43037202e-01,  8.53231288e-02, -8.66155111e-02,
        -4.89403230e-01, -1.07291763e+00, -8.99313962e-01,
         1.24311744e+00, -6.29198539e-01, -6.82795533e-02,
        -2.15490788e-02,  8.74179057e-01, -2.23541783e-01,
         1.61426118e+00,  5.57228658e-01, -1.40481628e-01,
        -8.20553396e-02,  2.63075622e-01, -1.31807733e+00,
         6.96587064e-01,  1.47928409e+00,  6.84890338e-01,
         1.64442256e+00,  2.23783369e-01,  1.98374221e-01,
        -1.46617899e-01, -7.40630756e-01,  1.56641297e-02,
        -3.45297617e-01,  1.49837842e+00, -4.36129349e-01,
         2.33834324e-03,  1.23016211e+00,  6.22287173e-01,
        -7.98445601e-01, -1.81415261e-02,  6.01076494e-01,
        -2.60058724e-01, -5.36473938e-01,  2.79253835e-01,
        -3.06859016e-01, -9.35238394e-01,  4.46106312e-01,
         2.19058249e-01, -6.88853028e-01, -1.63674102e+00,
        -4.25175495e-01,  3.78281798e-01, -5.62454288e-01,
         9.34465450e-01,  5.88360314e-01,  6.96252268e-01,
         1.14422075e+00,  4.90258276e-01,  9.40269207e-02,
         4.72972097e-01, -7.06111372e-02,  1.27596976e-01,
        -6.30495753e-01,  5.99913022e-01, -3.66118462e-01,
         8.76305537e-01,  1.17441936e-01, -9.62129313e-02,
        -6.98663518e-01, -7.26320851e-01, -2.25318747e-01,
        -5.44835450e-01, -9.04773533e-01, -5.78036373e-01,
        -1.29002921e+00, -1.82016908e-01,  1.31976067e+00,
         3.77673944e-01, -3.66501131e-02, -5.86673674e-01,
         7.46408089e-01,  3.94237397e-01, -5.79834182e-01,
        -4.59470301e-01,  1.86239579e-01, -9.07625167e-01,
         4.00547972e-01,  3.33666027e-01, -5.76324436e-01,
        -5.12852505e-01, -4.68681327e-01,  5.81547937e-01,
         1.14004643e+00, -5.74168231e-01, -3.27104068e-02,
         1.07800335e+00, -6.75463408e-01, -9.85644815e-02,
         6.83584962e-01, -2.58546002e-01, -5.06787799e-01,
         2.78223722e-01,  3.35984426e-01,  4.37609156e-02,
         2.54685102e-01,  5.30731860e-01, -1.08947869e+00,
        -6.39504439e-01, -6.27909045e-02, -2.89873647e-01,
         5.78408129e-01,  2.00891334e-01,  2.18101023e-01,
        -7.36324712e-02,  2.90443013e-01,  6.10051429e-01,
         4.76115964e-01,  4.17824819e-01,  2.33439161e-01,
         3.67396928e-01,  2.22634854e-01,  3.45697318e-01,
        -6.23383892e-01, -7.51132445e-01, -5.07361907e-01,
         8.13441372e-01, -1.85733651e-01, -9.90057600e-01,
         5.51050008e-01, -4.58682412e-01,  3.92827478e-01,
        -6.97818969e-01,  5.05301910e-01, -3.06045335e-01,
        -9.73048637e-02, -8.45927619e-02, -4.71614980e-01,
         6.63001440e-01,  7.45387541e-01, -5.98990592e-01,
        -1.44464109e-01, -7.69496161e-01, -1.95009174e-01,
        -2.75653375e-01,  5.69643150e-01, -3.88001195e-01,
         4.38034020e-01,  4.63877843e-01,  7.61802130e-01,
        -1.20462457e-02,  6.21095494e-01, -1.03562573e+00,
         2.36983138e-01, -2.71301432e-01,  8.00801545e-02,
         1.65034778e+00,  4.37223064e-01, -6.63353026e-01,
        -1.36202815e+00, -1.01722114e-03,  4.79432590e-01,
         1.34393790e+00,  1.21914152e+00,  7.55177488e-01,
        -8.89049124e-02,  7.22518481e-01, -5.82407891e-01,
         5.68020604e-01,  8.41427970e-01, -7.65168983e-01,
        -1.47986020e+00, -7.24183233e-02,  6.65704477e-01,
         1.06843710e-02,  7.00506224e-01, -1.27590277e+00,
        -2.98965225e-01,  2.03288331e-01,  1.13551604e-01,
        -1.79476892e-01,  4.03985390e-01, -1.47765984e-02,
        -3.20981998e-01,  5.80517321e-01, -5.63510938e-01,
         1.34373931e-01, -1.90416734e-01,  3.98770632e-01,
         2.58931774e-01, -8.55752374e-02,  6.35682326e-01,
        -1.00041263e+00,  5.20480138e-01, -7.82583685e-01,
        -1.44269251e-01,  3.10756571e-01, -8.42224169e-01,
        -9.42929148e-01, -2.05775240e-01, -7.29949161e-01,
         4.11570380e-01, -1.39694896e+00,  7.68063917e-01,
        -3.57876148e-02, -4.90425842e-01,  8.62786208e-01,
         8.23310345e-02, -1.90375740e-01, -1.81214427e-01,
        -2.65252611e-01, -7.10782885e-01,  2.19601196e-01,
         8.12592812e-01, -1.43095292e-01,  7.30899047e-01,
        -1.30750442e+00, -4.12417500e-01, -1.28243834e-01,
        -4.13015510e-01,  2.68543558e-01,  2.87762987e-01,
        -1.00320987e+00, -3.63759193e-01,  1.99637505e-01,
         6.75988988e-01,  2.47295836e-01, -3.11732579e-01,
         3.14161718e-01,  1.30099134e+00, -1.89532922e-01,
        -5.61769188e-01,  6.21730496e-01, -5.22605950e-01,
        -7.58462303e-03, -1.22101732e+00,  4.02062488e-01,
        -6.38486106e-02]]), array([445.90396323])]]
Dataset str(1)
Time elapsed in seconds
1.9263360500335693
[22, [array([[-1.07696713e-01, -6.56221025e-01, -5.74556505e-01,
        -8.37998493e-01,  4.62222050e-02, -3.11141030e-01,
        -3.31173195e-01,  5.65567747e-02, -4.36599400e-01,
         2.09047426e-01,  5.77740372e-01, -4.81049802e-01,
        -2.40077189e-01, -1.01613914e+00, -7.14658856e-01,
        -1.11543017e+00, -5.28300557e-01,  9.60190439e-01,
        -5.10439804e-01, -4.15600633e-01,  3.43883379e-01,
         1.53937769e-01,  5.07575414e-01, -1.10630570e-01,
        -1.26360450e+00, -4.26662999e-01, -8.93251353e-01,
         1.74849468e-01, -8.37951673e-02,  6.73511539e-01,
        -5.01110138e-02,  1.58148906e-01, -4.14674653e-01,
        -2.38829558e-01, -1.78438716e-01, -5.16916266e-01,
         1.72480937e-01,  4.27607639e-01,  3.97355364e-01,
         5.88253436e-01,  1.27956798e-01,  4.63439839e-01,
         1.02135670e+00,  2.92526322e-01,  3.90150144e-01,
         1.54510923e-01,  8.27995772e-01,  6.99094898e-02,
         9.56990597e-01, -6.41200337e-02,  1.80157324e-01,
         6.06443456e-01,  2.98845666e-01,  6.50356934e-01,
         1.96571738e-01,  3.75295706e-01, -3.13752046e-01,
         1.07666422e+00,  1.05216001e+00, -6.22786386e-01,
         1.71204247e-01,  9.35178396e-01, -3.12990233e-02,
        -7.66888229e-01, -3.41677067e-02,  9.28563850e-01,
         8.18177438e-01,  1.22535838e+00, -1.86630699e-01,
        -1.55927952e+00, -5.10572973e-01, -1.54822675e+00,
         1.32816770e+00,  1.73504766e+00,  1.49981021e+00,
        -4.93174646e-01,  6.41876658e-01,  4.19700251e-01,
        -6.50543165e-01,  6.39112391e-01,  6.98333657e-02,
         5.69944145e-01,  3.67372658e-01, -3.09414440e-01,
        -6.76842652e-02,  2.08705181e-01, -7.02342194e-03,
         2.55361087e-01, -1.45137066e-01, -7.75479099e-01,
         7.16040432e-01, -6.08531068e-01, -5.53554492e-01,
        -1.68629486e+00,  1.96446487e-01, -5.92385895e-01,
        -6.42065827e-01,  8.29504263e-01,  7.58970762e-01,
        -1.51307690e-01, -9.18506755e-02, -4.18563396e-01,
         1.79377192e-01, -6.69300530e-01, -7.00603764e-01,
        -1.50301888e-01,  5.36276541e-02, -1.13388881e-01,
        -1.44931068e+00,  6.20998953e-01, -3.95514060e-01,
        -6.04466115e-01, -5.58809192e-01, -5.93738352e-01,
         3.65501558e-02,  1.40635782e-01, -1.32700102e-01,
         4.37347674e-01,  1.48219568e-01, -1.64075504e+00,
         1.09067106e+00, -4.87914346e-01,  9.84875639e-01,
        -1.38582348e+00,  4.09912588e-02,  1.42456740e+00,
        -1.09772350e+00,  1.45876030e-01, -3.82044477e-01,
         7.66193624e-01,  3.64697717e-01,  5.12129012e-01,
         7.77949594e-01,  1.01224422e+00,  4.89563873e-02,
         7.60983115e-01, -7.02462821e-01,  1.93902639e-01,
        -9.81564355e-02, -5.26536929e-01,  4.02423664e-01,
         2.04095087e-01,  9.81512273e-02, -5.16829538e-01,
        -6.64708577e-01, -6.61229261e-01,  1.50005006e+00,
         4.71073306e-01, -2.89006866e-01,  1.20129440e-01,
         8.91241584e-01, -1.72002416e-01,  7.92676065e-02,
        -4.95802489e-01,  2.36078110e-01,  1.48550469e-01,
        -1.50983328e-01,  7.62499778e-01,  1.15779591e+00,
         1.46686464e+00, -9.12231623e-01,  8.48763450e-01,
        -4.70447366e-01, -1.37537859e+00, -3.40351197e-01,
        -2.84214632e-01, -9.71180043e-01,  4.15609177e-01,
         4.85667956e-01, -1.43761645e+00, -3.54645410e-01,
        -1.44456874e-01, -1.08401678e-01,  2.02907866e-01,
         3.12173879e-01, -3.16746149e-01,  7.91595070e-01,
         1.03951269e+00, -3.00900161e-01,  6.83744158e-01,
         3.09629458e-01, -6.50107508e-01, -1.50598088e+00,
        -8.31149481e-01, -2.08793236e-01, -4.53788596e-01,
        -1.95932146e-01, -6.31878338e-01,  6.51146497e-01,
         3.67435545e-01, -5.44949761e-01,  8.01078127e-01,
         2.76505866e-01,  4.41063226e-01,  1.87485375e-01,
        -1.47301200e+00, -3.17133270e-02,  6.69268692e-01,
         3.54594708e-01,  1.13210261e+00,  1.61676569e-01,
        -7.68466692e-01,  7.90707042e-02,  3.95828948e-01,
        -1.42009636e+00,  3.35611832e-01, -4.18440505e-01,
        -1.51777861e+00, -4.40501825e-01, -3.33083682e-01,
         9.54261642e-02,  5.66465089e-01, -8.97238676e-01,
         6.23938347e-01, -1.79355733e-01, -3.68074216e-01,
         9.25898696e-01, -1.88505419e-01,  1.03727047e-01,
        -1.22466238e-01,  4.47951982e-02, -1.60299035e-01,
        -4.99062447e-02,  8.64507742e-01,  1.18828160e+00,
         4.77847210e-01, -7.73345531e-01,  3.06158963e-01,
         1.13784810e+00,  1.19998427e-01,  4.07655842e-01,
        -5.41715826e-01,  2.56109093e-01,  1.66828444e-01,
        -7.96918063e-01, -9.78415173e-02,  7.65864351e-03,
        -8.09418556e-01, -7.70951445e-01, -9.21102212e-01,
         4.19477499e-01, -1.19889531e+00, -2.33551959e-01,
        -1.97402419e-01, -3.49628505e-01,  9.79591334e-02,
         2.54047647e-01,  1.73749619e+00, -8.64169926e-01,
        -3.19284148e-01, -6.00491313e-01, -3.37671887e-02,
        -1.11704616e+00,  2.53831990e-01, -3.09185584e+00,
        -1.32193720e-01,  9.49862310e-01,  4.89687788e-01,
        -3.76028548e-03,  3.70391371e-01, -5.36300452e-01,
         2.81747437e-01,  4.46052377e-02, -4.84939790e-01,
        -2.18702025e-01,  4.96295260e-01, -1.05621633e+00,
         1.65549806e-01, -4.64831312e-01,  3.13045767e-01,
         1.63135608e+00, -8.23025616e-01,  5.65346554e-01,
         5.82304832e-02,  4.11421355e-01, -7.44357666e-01,
         1.13748455e+00,  7.81538609e-01, -2.53292453e-01,
        -3.51783111e-01, -4.51586381e-01, -7.10611784e-01,
         1.40331207e+00, -3.44807440e-01, -4.29776490e-01,
         5.07369535e-01, -7.81782470e-02, -2.76204237e-01,
        -1.08645907e+00, -3.02339165e-01, -7.26404559e-02,
         5.81039108e-01, -1.39551134e-01, -8.21645317e-01,
         1.73652285e-01,  5.91449831e-01, -2.50115242e-01,
         4.29367525e-01, -7.79113800e-01,  4.57753689e-01,
         7.37827820e-01, -2.98401015e-01,  1.08493026e-01,
         2.36598839e-01, -1.23915600e-01,  1.50649044e-01,
        -6.91374495e-01, -3.60872610e-01, -2.73231808e-01,
        -1.12462832e-01,  8.22674919e-01, -4.89312040e-01,
        -9.59459984e-01,  2.57781514e-01,  6.90717181e-01,
        -3.23597739e-01, -9.49880773e-01,  7.17491600e-01,
         1.95688388e-01, -1.42352683e+00, -1.56006773e-01,
        -1.23088969e+00,  1.38053806e-01,  8.97731738e-01,
         5.92719270e-01,  1.28391665e-01,  8.75022439e-01,
        -1.21426991e+00, -5.72007197e-01, -2.54860229e-01,
         1.13836643e-01,  5.98657006e-01,  9.71700716e-01,
         1.37187940e-01, -1.29131659e+00, -1.82956112e-01,
        -1.10034274e+00,  6.18734087e-01,  7.58051178e-02,
         9.82695643e-02, -7.94961100e-02, -6.21021328e-01,
        -2.73026867e-02,  3.72368875e-01,  7.79149341e-01,
         7.71085390e-01, -1.16238318e-01,  1.41395307e+00,
        -4.27062085e-01,  3.03411308e-01, -6.98505211e-01,
        -7.61881185e-01,  7.68903551e-02,  1.72143128e-01,
         1.04894878e+00,  1.69868921e-01, -3.99657464e-01,
        -6.75132495e-01,  2.77093041e-01, -9.61689410e-01,
         8.80466245e-02, -1.13913317e-01,  2.81519115e-01,
        -1.03095591e-01, -3.58463444e-01, -7.22866881e-01,
        -5.97499620e-01, -3.59464799e-02,  1.29139790e+00,
         2.46954584e-01,  5.21006741e-01,  4.92816374e-01,
         6.38693477e-01,  1.57180444e-01,  3.18040461e-01,
        -1.26419618e-01,  1.51883144e-01,  2.25642914e-01,
        -3.66218719e-01,  4.75195777e-01, -1.81072457e-01,
        -8.70484472e-01,  3.82121791e-01, -4.35671483e-01,
         1.01074415e+00,  1.01112666e+00, -5.02123716e-01,
        -1.32171247e+00,  6.89287061e-01, -1.50889412e+00,
         2.01951424e-01,  7.18791663e-02,  1.63271188e-01,
        -6.06464961e-01,  4.54956321e-02,  3.91518000e-01,
        -1.33569743e+00,  5.95564187e-01,  7.23106291e-01,
        -9.50178574e-01, -7.29600121e-02, -1.82013033e-01,
        -7.13815510e-01, -4.17091593e-01, -4.04330307e-01,
         8.14646031e-01, -1.19138838e-01,  3.67211249e-01,
        -4.45977699e-01,  1.49804106e+00, -3.12486056e-01,
        -3.97590912e-01, -2.92183024e-01, -3.96942782e-04,
         9.61923249e-01, -1.83627751e-01,  1.51285266e-01,
        -5.73428741e-01,  2.20131882e-01, -2.33485955e-01,
         9.92175936e-01, -1.12326908e-01,  1.37036392e-01,
        -2.04667924e-02,  4.86991480e-01, -6.97215623e-01,
        -4.16075112e-01, -4.58985008e-01, -9.68746437e-01,
         8.39343943e-02, -4.82386528e-01,  9.63356967e-01,
        -1.83839509e-02,  5.57176107e-02, -6.22422855e-01,
         5.86788589e-01,  5.89925587e-01,  4.14443567e-01,
         5.58319440e-01,  7.80222821e-01,  5.30375904e-01,
        -1.28496890e+00, -4.84806770e-01,  1.15447638e-01,
        -6.07406310e-01,  3.47374093e-01, -8.53828729e-01,
        -1.30909901e-01,  7.37686025e-01, -9.73257172e-01,
        -2.84143843e-01,  1.16638088e+00, -5.60726605e-02,
        -1.41608223e-01, -2.00894612e-01, -2.01535693e-01,
        -4.27712514e-01,  1.12611766e+00, -9.84859473e-02,
         3.80731767e-01, -3.40034970e-02, -2.35406990e-01,
         4.57172072e-01,  1.48297630e-01, -7.34038858e-01,
        -3.51819550e-01,  3.45964743e-01,  5.72673172e-02,
         1.02684099e+00, -3.45670893e-01, -1.40441208e-01,
         5.51737640e-01, -7.81579324e-02, -9.51536313e-02,
         7.28872331e-01, -4.14095107e-01, -5.84040391e-01,
        -4.65990868e-01, -4.10214509e-01,  2.61065989e-01,
        -2.29554390e-01, -3.43621782e-01,  5.87551372e-01,
        -3.29987297e-01, -5.62778579e-02, -8.86774947e-02,
         2.81078543e-02]]), array([265.45170582])]]
Dataset str(2)
Time elapsed in seconds
1.1936302185058594
[22, [array([[-9.46329044e-01,  1.43727151e+00,  1.58541619e+00,
         1.32365778e+00,  1.91115845e-01,  2.89444160e-02,
        -7.33013757e-01, -1.32923078e+00,  7.74063913e-01,
        -1.13762128e+00,  3.47937498e-01, -4.29768787e-01,
         1.59690622e+00, -8.67147048e-01, -1.26807335e+00,
        -7.63416319e-01, -2.36627973e-01, -2.94680805e-02,
         9.71266298e-01,  9.61408121e-01,  1.07148791e-01,
        -7.21270278e-01,  2.92035312e-01,  3.61355786e-01,
         2.08013119e+00,  1.05934402e+00,  5.07665507e-01,
        -1.71964435e+00, -1.27827721e+00,  1.19715538e+00,
         2.24057690e+00, -8.61884511e-02,  4.31478637e-01,
         1.43901759e-01,  6.45222636e-01,  1.23706544e+00,
         2.92859940e+00, -9.86970127e-02, -2.69434381e-01,
        -6.88275271e-01,  1.25108819e+00,  2.18025318e-01,
        -1.73355427e+00, -2.92284776e+00,  4.60419964e-02,
        -2.30379717e+00, -2.29270100e-01, -1.49317264e+00,
        -1.31324520e-01,  8.04068963e-01,  5.27845343e-01,
        -1.14379641e+00, -4.47495068e-02, -1.14646857e+00,
         1.35950450e-01,  1.19673540e+00,  1.12340661e+00,
        -1.02478728e+00, -1.81000323e+00, -1.66140442e+00,
         1.56369112e+00, -1.03735970e-01, -2.13681577e+00,
        -6.96397007e-01,  1.21288519e+00, -3.85277378e-01,
        -1.64706709e-01, -2.10753224e-02, -4.87259063e-01,
        -1.36374693e+00, -6.12097932e-01,  9.62771744e-01,
        -1.09410745e+00, -2.67090277e-01, -5.87848530e-02,
         1.44824350e+00,  8.79257783e-01,  5.89496742e-02,
        -2.26287003e-01, -1.28230658e-01, -6.67186590e-01,
        -2.95055528e+00,  6.15060195e-02,  3.22745309e-01,
         1.06286961e+00, -8.14099648e-01, -7.47031559e-02,
         5.33734008e-01, -2.64585954e-01,  3.97868199e-01,
         8.67564857e-01, -5.30295414e-01, -1.32168179e+00,
        -3.02454991e-01,  2.57696372e+00, -3.10174730e-01,
        -1.80241054e-01, -2.15706535e-01,  3.78395345e-01,
         4.83310567e-01,  5.23899662e-01, -6.91408829e-02,
         2.27479789e+00, -9.62449126e-01,  4.74981334e-01,
        -5.74826524e-01, -2.93604708e+00, -1.15061419e+00,
         5.84676986e-01, -2.11244617e+00,  1.00819205e+00,
         1.62011710e+00,  1.88436362e+00, -1.46700186e+00,
         3.33033992e-02,  1.07352029e+00, -1.01810576e+00,
         4.22688068e-02,  9.02551981e-01, -1.45338595e+00,
         2.57014169e+00,  8.85349974e-01, -5.36655187e-01,
        -3.99483789e-02,  5.96832353e-01, -1.22527795e-01,
         1.28513721e+00, -6.89580808e-01, -4.69496732e-01,
         5.51738151e-01, -8.19348312e-01,  1.04758426e+00,
         1.84149784e-01,  4.88847898e-01,  7.93801819e-01,
         1.41985129e-01, -6.26372830e-01, -1.35979143e+00,
        -4.28074001e-01,  8.84512334e-01,  8.95848676e-01,
        -1.38075172e+00, -1.39713520e-01, -4.28178827e-01,
        -7.83089118e-01, -6.17283829e-01,  1.31672927e+00,
         3.56709080e-01, -6.34632326e-01, -4.13374838e-01,
         3.66567530e-01, -2.49889267e-01, -1.06391764e+00,
        -2.59835462e-01, -8.05791777e-01,  7.18281390e-01,
         8.87474150e-01, -1.42586836e+00,  4.32130865e-01,
         3.22735525e-01,  1.07436132e+00,  1.02505770e+00,
        -1.13175950e+00,  7.10604816e-01, -1.23123554e+00,
         1.04601320e+00, -6.07981610e-01, -9.25529317e-01,
        -6.92611209e-01,  1.71786994e-01,  5.96721548e-01,
        -1.01239335e+00, -7.27184286e-01,  1.35188632e+00,
         1.84437461e+00, -9.38798485e-01,  1.56934849e+00,
         2.04604848e+00, -7.04340861e-01, -3.68257782e-02,
        -7.44245969e-01, -9.32209572e-01,  9.14890705e-01,
        -7.04500372e-02,  4.10510680e-01,  7.97544520e-01,
         1.69363541e+00,  1.06417288e+00, -5.67228251e-01,
         5.29798769e-01,  8.11132502e-01, -1.36754726e-01,
         1.63314469e+00, -2.05683094e+00,  3.23587196e-01,
         7.02436884e-01, -5.74617226e-01, -1.82919070e+00,
        -5.68347740e-01, -1.48674063e-01, -2.89863520e+00,
        -2.08031909e+00,  1.85224149e+00, -1.41123390e-01,
        -1.02222679e+00,  1.29199804e+00, -8.37178436e-01,
         9.68879566e-01, -1.26073634e+00,  2.79258084e+00,
         8.27071055e-01,  1.19142353e+00,  1.26194703e+00,
        -5.89618777e-01,  5.83861924e-01,  8.42988094e-01,
         3.77827048e-01,  7.85808626e-01,  6.82499658e-01,
         3.03745285e-01, -1.15578132e+00,  4.30671425e-01,
         7.07765630e-02, -4.70212802e-01, -2.79050499e-01,
        -1.52992644e-01,  3.73271169e-01, -6.01204827e-01,
         8.08349323e-01,  9.47241346e-01, -1.25427476e+00,
         3.85337076e-03, -2.86645295e+00, -4.33131127e-01,
        -1.18684476e+00,  1.35115782e+00,  8.11693300e-01,
         4.53592341e-02, -1.44692028e+00,  3.63675002e-01,
         1.68245345e-01,  1.48459999e+00, -8.91043564e-01,
        -5.21977829e-01, -1.37998406e-01, -3.95399162e-01,
         1.55564102e+00,  2.73883369e-01, -1.12420227e+00,
        -1.84288631e-01, -5.99561371e-01,  5.04210910e-01,
        -1.28568371e+00, -4.82002813e-01, -6.42580753e-01,
        -1.86199901e-01, -2.04471867e-01,  2.76035068e+00,
         1.55729480e+00,  9.70829940e-01, -6.75731201e-01,
        -1.38280215e+00, -2.30012149e-01,  4.24968458e-01,
        -6.58621943e-01, -3.16025494e-01,  5.13281094e-01,
         1.99753573e+00,  1.08757667e+00,  4.44554997e-01,
        -3.40233166e-01,  1.00612069e+00,  2.99649132e-01,
        -6.47494108e-01, -1.36723136e+00, -5.24075287e-01,
        -1.08536453e-01,  2.46808030e-01, -2.82047789e-01,
         5.39823530e-01, -1.27415011e+00, -6.37925676e-01,
        -4.67719936e-01,  1.32138988e+00,  8.11712136e-01,
         9.26027090e-01,  3.67358017e-01,  8.74913806e-01,
         4.57206399e-01, -4.91711142e-01, -1.07508622e+00,
         1.13188154e+00,  1.77862532e+00, -2.62432230e+00,
         8.33290824e-01,  6.71291204e-01,  5.20858320e-01,
        -1.60612513e-01, -2.27468263e+00,  1.34057561e+00,
         1.99762858e+00, -1.42906931e-01,  2.73896364e-02,
        -4.34779395e-01,  7.28380934e-01,  5.70173948e-01,
         5.01744888e-01, -1.25159032e+00, -1.70553812e+00,
         1.13774031e+00,  6.00294210e-02, -6.03674203e-01,
         1.04019012e+00, -1.90287024e+00,  5.85383673e-01,
        -3.92693620e-02, -1.19373533e-01, -8.28382565e-01,
         2.00437913e+00,  1.45015936e+00,  3.56124653e-02,
        -6.90074700e-01,  4.36416894e-01, -9.01517295e-01,
        -5.54694601e-02,  8.80855172e-01, -1.01545840e+00,
         2.24346247e-02, -3.31655827e-02,  9.65171852e-01,
        -1.76088907e-01,  3.13016686e-01,  1.58665009e+00,
         2.76499079e-01,  6.58896348e-02,  7.23599866e-01,
         1.53523993e+00,  2.83852503e+00,  8.09959817e-01,
        -8.68621478e-01,  3.96255258e-01, -5.70382030e-01,
        -2.24781190e-01, -1.10231730e-01, -1.76090902e+00,
         9.51954464e-01, -1.28731010e+00,  6.21876856e-01,
         2.09273750e-01,  1.05959949e+00,  3.62163243e-01,
        -1.33850072e+00,  7.75756553e-01,  5.33631747e-01,
         1.67455044e+00, -1.29116130e+00,  8.61474162e-01,
         2.53713306e+00,  1.00255890e+00, -2.35687657e+00,
        -9.54643784e-01, -3.11763012e-01, -4.76438529e-02,
         1.77673911e-01, -7.72657755e-01, -8.40809283e-01,
         1.23175176e+00, -8.37228021e-01, -5.96794332e-01,
        -3.57420779e-01, -1.84771666e+00, -1.28183910e-01,
        -4.77036789e-01,  2.52030971e-01,  2.56057279e-01,
        -9.56220178e-01, -1.49703535e-01,  3.42741887e-01,
        -1.11008773e+00, -1.15848390e+00, -1.18275705e+00,
        -2.33400387e-01,  1.39601955e+00,  1.76274581e-01,
         2.15863742e+00,  1.27174982e+00,  1.68384237e+00,
        -2.65146708e+00, -3.42535495e+00,  3.79556318e-01,
        -1.03975978e+00, -8.78852418e-01,  2.60333226e-01,
         4.68593479e-01, -1.45972435e-02,  3.08052071e-01,
        -4.03220125e-01, -1.25977399e+00, -1.09973177e-01,
        -5.71771599e-03, -1.80197488e+00,  1.74033258e+00,
         2.74154163e+00,  8.19652191e-01,  4.93239088e-01,
         6.30273625e-01, -7.55215362e-01,  1.24885641e+00,
         6.57196755e-02,  3.95301957e-02,  1.11529474e+00,
         1.58516981e+00, -5.90963135e-01, -7.20487774e-01,
        -1.71837867e+00, -2.05249076e+00,  1.02721391e+00,
        -1.22291366e+00, -4.72502716e-01, -4.23819348e-02,
         1.46264218e-01, -1.43548220e+00, -1.45758507e-01,
         1.17117633e-01, -1.83250139e+00, -8.62381609e-02,
         4.83973751e-02,  8.99342171e-02,  1.87961721e-03,
         2.61359177e-01,  1.44974943e+00,  9.57793226e-01,
        -9.43686950e-01, -7.21543199e-01,  1.00260682e+00,
         1.11529041e+00, -3.81005571e-01,  8.28886578e-01,
         7.11896796e-02,  1.13192765e+00, -5.58933164e-01,
         1.94120794e-01,  9.14191604e-01,  1.25028701e+00,
        -4.46805117e-01,  1.99773277e+00,  7.98803815e-02,
        -1.18815648e+00,  1.13925311e+00, -6.20706633e-01,
        -9.77125547e-02,  4.71982694e-01, -1.34676739e-01,
         1.36965067e+00, -2.33803944e+00, -5.97134119e-01,
         4.44809695e-02, -1.51584027e+00,  1.96472052e-01,
        -2.87789719e+00, -1.58040104e+00,  1.21449650e+00,
        -8.01882180e-01,  3.34174437e-01, -2.06022426e+00,
         4.16785555e-01,  4.71747656e-02,  3.66500528e-01,
         1.78074733e+00,  1.47763515e+00, -1.33466334e+00,
         2.46527508e-01, -3.86371553e-01,  7.57474904e-01,
         5.73733225e-01, -2.76470009e-01,  6.50766974e-01,
        -2.93511663e-01, -1.70119956e+00,  8.06026880e-01,
        -1.69340472e-01,  3.47819777e-02,  2.14184395e-01,
        -6.74483568e-01, -4.76451205e-01,  2.63767121e-01,
         4.01026185e-01]]), array([198.09163649])]]
Dataset str(3)
Time elapsed in seconds
1.1190340518951416
[22, [array([[ 9.39356305e-02,  1.11914154e+00,  1.30610220e+00,
        -5.67112256e-01,  1.49587705e-01,  1.47802343e+00,
        -3.04335888e-01,  4.58609691e-01, -1.00171303e-01,
         1.57784393e+00,  1.12810680e+00, -1.14896738e-01,
         5.27258402e-01,  1.23825737e+00, -9.65273350e-01,
        -9.59931646e-01, -1.64223270e+00,  1.57916326e+00,
         4.75269099e-01, -2.64747129e+00,  1.77776123e+00,
         6.58431376e-01,  1.16119793e+00,  6.51208407e-02,
         1.66922194e+00,  6.52358633e-01,  7.06602039e-01,
        -2.31505318e-01,  1.44759636e+00, -1.26562451e-01,
         8.33263772e-01, -8.49808210e-01, -5.37656759e-01,
        -2.12655261e-01, -4.93744738e-01, -1.09277492e+00,
        -9.84438099e-01, -1.55119897e+00, -1.38195573e+00,
        -1.30452080e+00, -1.47799570e-03, -8.40471949e-01,
         1.90548092e+00,  2.44760598e-01,  4.97776752e-01,
         2.15104843e-01,  1.33069537e-01, -8.65256932e-02,
        -2.14097279e-01,  1.92424728e+00,  1.16686017e+00,
        -1.10479926e+00, -3.82984814e-01, -4.82150583e-01,
         1.23636038e+00,  1.12569893e+00,  2.00660619e-01,
        -1.38498328e+00, -1.55757082e+00, -2.43331995e+00,
         4.34335175e-01,  1.05405224e+00,  1.15229456e+00,
         2.18435092e-01, -4.03202194e-01, -1.32075488e+00,
        -5.63880957e-01, -9.28535497e-01, -1.06668825e-01,
        -1.40955784e+00,  1.08879208e+00, -7.97298438e-01,
         1.13216672e+00,  3.93899480e-01, -2.54206279e+00,
        -2.95263667e-01, -7.37786066e-01, -9.59092378e-01,
         1.79605484e+00,  9.04006972e-01,  1.40840515e+00,
         1.36374985e+00, -1.32974861e+00,  1.31942762e+00,
        -2.51646535e-01,  9.07051900e-02, -2.36602119e-01,
         4.77586676e-01, -9.95225310e-01,  1.91117723e-01,
        -1.36698233e+00, -2.48572069e+00, -2.88154863e-01,
        -1.11002413e-02, -5.08966543e-01,  7.71143438e-01,
         1.28458852e+00, -2.03233621e-01,  5.75573401e-01,
         1.14981634e+00, -2.88097509e-01, -8.11728257e-01,
        -5.11769420e-01, -1.86065141e-01, -1.88286516e+00,
         2.12174190e+00,  2.33464427e+00, -4.95481167e-01,
        -8.80617168e-01, -2.05395585e-01,  8.58888695e-01,
         8.36623240e-01, -1.34874239e-01, -6.12559292e-01,
        -2.01922807e+00,  2.21593400e-01,  2.30915943e+00,
        -2.08987805e+00,  5.58605136e-01,  5.49078885e-01,
        -7.57888190e-01, -1.58032543e+00,  3.80729605e-01,
         6.36447386e-01,  7.55523549e-02, -2.21165977e+00,
        -1.10593878e+00, -5.67275217e-01, -6.95062800e-01,
         3.10957284e-01, -1.56150772e-01, -3.07160288e+00,
        -6.60812043e-01,  1.34158470e+00,  3.08255026e+00,
         4.01457495e-01, -5.44933819e-01,  2.03059542e+00,
         7.46490984e-01, -1.90729858e-01,  4.11175624e-01,
        -4.42216012e-01, -5.18823948e-01, -5.48050613e-01,
        -2.70181140e+00, -5.50551262e-01, -2.24163615e-01,
         7.22912432e-01, -3.29295127e-01,  2.21328929e+00,
        -5.48011733e-01, -1.17700114e+00, -3.26536274e+00,
         1.14084846e+00,  5.28816307e-01, -7.21084910e-01,
         1.04904846e+00,  2.09039377e+00, -9.78316891e-01,
        -2.32343840e+00, -4.05661383e-01, -3.80215336e-01,
         8.56628551e-01,  1.47247855e+00,  5.56139214e-01,
         9.46323611e-02,  8.67025918e-01, -2.91837923e-01,
         1.49910081e+00,  1.16568240e+00, -7.90585693e-01,
         1.77451548e+00, -2.61310998e+00,  2.07514278e-01,
         3.01103722e-01, -3.46533340e-01, -8.05684909e-01,
         1.35758897e+00,  1.89610104e-01,  1.09651152e+00,
         9.90830211e-01,  1.48734561e+00, -9.00969237e-02,
         7.85376220e-02,  3.30952843e-01,  5.40463401e-02,
         7.11983553e-01, -2.50228992e+00, -1.75233239e-01,
        -5.80057755e-01, -8.39617554e-01,  4.39680705e-01,
         1.57265308e+00, -9.98932056e-01, -5.92693520e-01,
        -4.69705818e-01,  7.26950463e-01,  6.80740984e-01,
        -1.67804581e+00, -1.36693954e+00, -1.42190023e+00,
        -9.32956905e-01, -1.09212186e+00, -4.59980792e-01,
         7.05058437e-01,  7.61706413e-01,  2.55494402e+00,
        -1.39548633e+00,  1.37401729e+00, -2.07379462e+00,
        -4.99189334e-02, -3.87625474e-01,  1.19923656e+00,
         9.07599531e-03, -6.79030026e-01, -2.68308279e+00,
        -2.19439075e+00, -2.24104786e+00,  3.43304775e-03,
         1.79186611e+00,  1.79987023e-01,  1.38901231e+00,
         5.39927691e-01, -2.42645449e+00,  1.04690422e+00,
        -1.85628469e+00, -6.92521661e-01, -3.63992388e-01,
        -2.65006606e-01, -1.64757089e+00, -5.35679857e-01,
         1.48405475e+00,  2.26965187e+00, -1.81245092e+00,
         1.44578029e+00,  5.54028529e-01, -4.22284738e-01,
         1.29584314e+00, -2.26814227e+00, -2.22102494e+00,
         7.10161151e-01,  1.90232086e+00, -8.62068510e-01,
        -7.23560016e-03,  1.80244325e-01,  5.64502649e-01,
         5.37735710e-01, -1.43609238e+00, -3.50898317e+00,
        -7.27491802e-01,  1.35410581e+00, -7.58109900e-01,
        -1.38753946e-01, -3.77258674e-01,  7.03351162e-01,
         1.39532294e+00, -4.43520420e-01, -4.92758791e-01,
        -1.42967098e+00, -1.92728344e+00, -7.93728668e-01,
         7.74107626e-01, -1.00414986e+00,  1.60337551e+00,
         3.34175731e-02,  2.88637673e-01,  1.53769536e+00,
         1.47160852e+00, -5.30776738e-01, -2.04989148e+00,
        -1.31757963e+00, -2.08702348e+00, -7.65255995e-01,
         1.53680717e+00,  1.13686982e+00, -1.66315131e+00,
        -8.25638681e-01,  1.68466173e+00, -1.71499606e+00,
         1.33405031e-01, -1.41312763e-01,  2.38202881e-01,
         1.92730830e+00,  1.00925401e+00,  1.26696182e+00,
         1.68145830e+00,  9.99311300e-01, -1.66109887e-01,
        -1.15776588e-01,  1.30079575e+00,  5.04862587e-01,
        -8.03645494e-02,  6.89212291e-01,  1.32828067e+00,
        -7.18773409e-01, -1.11422123e+00, -2.19668204e+00,
         4.90143864e-01, -1.05423013e+00, -9.23189549e-01,
         1.85204719e+00, -7.98878998e-01,  2.83181605e+00,
         2.77852195e+00,  5.26963071e-01, -1.97761845e-01,
        -1.34648551e+00,  9.63721220e-01,  9.24057592e-01,
        -1.41103218e+00, -3.93154469e-01, -1.27915889e+00,
        -2.45532485e-01,  5.98557353e-02,  3.15778518e-01,
        -1.51859606e+00, -1.58485430e+00,  1.18745254e+00,
        -1.58104350e+00, -1.49831078e+00, -1.54015241e-01,
         5.64808082e-01, -9.05644687e-01, -4.93152944e-01,
        -1.12616613e+00,  5.62188396e-04, -8.69534281e-01,
        -1.84876750e+00,  2.71485518e-01,  1.62127767e-01,
        -5.35711893e-01,  2.79145441e-01,  2.02898703e+00,
        -9.15866193e-01, -7.52478022e-01, -1.57444599e+00,
         3.93472995e-01, -4.49909733e-01,  4.12903335e+00,
        -5.94617973e-01,  2.32200614e-01, -5.30114358e-01,
        -4.56138376e-02,  9.41628887e-01,  9.65438713e-01,
        -1.29764911e+00,  6.72068209e-01,  1.72666969e+00,
        -1.08120482e+00, -2.72814602e+00, -3.09342354e+00,
         1.03362376e+00,  1.76742200e+00,  2.75534300e-01,
         2.93289219e+00, -6.89208027e-01, -8.32787782e-01,
        -5.33374336e-01, -1.49488677e-01, -5.73183755e-01,
         7.84028727e-01, -1.43402144e+00,  1.16384712e+00,
        -6.70503757e-01, -1.92665462e+00,  1.43811692e+00,
         6.48609690e-01, -1.19531128e+00,  6.80458204e-01,
        -8.24121675e-01,  1.09722583e+00,  3.96897181e-01,
        -2.45609848e-01, -8.47322775e-01, -4.79951336e-01,
         9.46337563e-01, -8.78461049e-01, -4.74701996e-01,
         1.66142992e-01, -9.58759830e-01,  1.99700210e+00,
        -3.16796118e-01, -1.74061584e-01,  1.13104825e+00,
         5.52856797e-01,  9.14278756e-01,  1.53175079e+00,
        -2.03673404e+00, -1.27649689e+00,  4.19686826e-01,
        -1.21220202e+00, -7.02089024e-01,  8.97745139e-01,
         1.28909833e+00, -2.23042791e-02, -1.44683708e+00,
         1.54572274e+00,  7.96308965e-02,  2.41451168e+00,
         1.24680923e+00,  3.71168620e+00, -2.81246364e-01,
         2.34767655e+00, -6.74274404e-01,  1.46695087e-01,
         3.70742105e-01,  2.08117337e-02, -3.39721805e-01,
        -1.12433270e+00, -4.94864054e-01, -1.91109398e+00,
        -2.01741409e+00,  5.40083420e-01, -9.65326303e-02,
         2.41607599e-01, -1.63239169e+00,  3.45167870e-01,
        -5.03141512e-01,  3.73828859e+00, -7.66337468e-01,
        -2.10105493e+00, -9.20196234e-01,  8.53599033e-01,
        -1.53299463e+00, -4.83211735e-02,  1.43590718e+00,
        -4.45639806e-01, -1.65689787e+00, -6.52392842e-01,
         1.42239103e+00,  1.18438286e+00,  4.75348501e-01,
        -1.13811809e+00, -7.87548569e-01,  2.38849247e+00,
        -6.40932209e-01, -1.08316870e+00,  1.66285522e+00,
         1.42925163e+00, -9.84256160e-01, -1.06914226e+00,
         1.10195559e+00,  1.27794110e-01,  1.97007771e-01,
         1.04225447e+00, -3.93781742e-01,  2.69434346e+00,
        -2.62065722e-02, -2.65614115e+00, -1.03385026e-01,
         2.87979335e-01,  5.29243749e-01, -3.85198642e-01,
         3.28076579e-01,  2.89577018e-01,  1.33819595e-01,
         9.81260930e-01,  2.26919809e+00, -3.27614763e-01,
        -1.10799379e+00,  2.62782251e-01, -2.82882260e+00,
        -1.25107300e+00, -2.44022296e+00,  4.75070241e-01,
        -2.43579096e+00, -1.21580836e+00, -1.66121868e-01,
        -1.54613558e-01,  9.23284647e-01,  1.91933223e-01,
        -3.44273516e-02, -1.56244547e+00,  7.37778296e-01,
        -4.60083868e-01, -1.15994344e+00, -5.45446927e-03,
        -5.62346944e-01, -7.88602532e-01,  1.05223141e+00,
        -1.24700436e-01,  1.01702149e+00, -2.37759958e-01,
         1.34389590e+00,  3.17934767e-01, -3.50436024e-01,
        -1.00531640e+00]]), array([128.1311047])]]
Dataset str(4)
Time elapsed in seconds
0.851046085357666
[22, [array([[ 2.50355195e-01, -1.26791125e+00, -3.52499229e-01,
         1.14356364e-01, -5.82522597e-01, -9.58681177e-02,
         4.57200661e-02, -1.35137893e-02, -1.61340831e-02,
         1.50044346e-01, -1.21582678e+00,  7.21315102e-01,
         2.95682711e-03,  1.80383728e-01,  2.72840367e-01,
        -2.60294700e-01, -9.96294197e-02,  3.51530680e-01,
        -1.23087096e+00, -3.55882484e-01,  7.09654159e-02,
         5.19500665e-01, -3.39104464e-01,  4.35205246e-01,
        -4.24471217e-01, -8.36526451e-01, -7.64324376e-01,
        -7.68581387e-01, -1.05698044e+00,  7.83841585e-01,
        -9.40837031e-01, -3.80534219e-01,  7.99708968e-01,
        -4.37560157e-01,  9.74955629e-01, -1.00287425e+00,
         9.43489016e-02,  1.35434139e+00,  5.98388143e-02,
        -8.96588140e-01, -8.46709287e-01, -2.70312065e-01,
        -7.29918561e-01, -6.52791497e-01, -7.69977186e-01,
        -6.37733098e-01, -7.53790959e-01, -8.84529110e-03,
         4.94069004e-01, -4.59684289e-01, -3.56968937e-01,
         8.83229051e-01,  1.34824344e-01,  2.02769498e-01,
         3.53269555e-01,  1.18844891e-01, -3.80473546e-01,
        -8.01640106e-01, -3.46000127e-01, -1.11718540e+00,
        -5.64845275e-04, -4.04050117e-01,  2.65848617e-01,
        -2.70444629e-01,  7.91764744e-02, -2.60335693e-01,
         4.16570742e-01,  3.86775062e-02,  7.59108054e-02,
        -2.35429672e-01, -1.20207142e+00,  7.92934216e-01,
        -1.36467509e+00, -2.09782603e-01, -6.06570777e-02,
        -5.35415967e-01,  9.38064081e-01,  2.23331511e-01,
        -1.27360555e-01,  3.94669215e-01, -2.96174110e-01,
        -3.67675891e-01, -5.33224276e-01, -1.73398315e-01,
         2.09878130e-01, -8.06692148e-01,  7.11432360e-01,
        -7.96278075e-01,  4.67990136e-01, -9.63544807e-01,
         9.50492395e-01, -9.08421059e-01, -9.36694215e-01,
         4.85782569e-01, -2.87815768e-02,  6.70135554e-01,
        -5.06572666e-02, -1.24152485e-01, -9.28986687e-01,
        -1.82547610e+00, -1.07325593e+00, -2.85327273e-01,
        -3.59779638e-01,  1.40522598e+00, -8.47742809e-01,
         6.02331562e-01, -7.24626002e-02,  6.19731656e-03,
        -8.99953366e-01,  9.12632244e-01, -1.77514128e-01,
         2.88835946e-01,  1.11199182e-01, -1.28111933e+00,
         1.71655035e-02,  4.64601168e-01,  5.37090432e-01,
         1.10786900e+00, -1.96660467e-01,  1.47343474e+00,
         6.68858488e-01,  1.37803450e+00, -6.79365008e-01,
        -1.14650967e+00,  1.52653536e-02, -9.29771760e-01,
        -3.18385052e-01, -9.85575736e-02,  1.20723468e-01,
        -4.53124706e-01, -2.47337140e-01, -3.21039425e-01,
         3.12901514e-01, -3.88146081e-01, -1.29671612e+00,
        -1.02332603e+00,  7.94783506e-01,  2.19178720e-01,
         1.00758948e-01,  1.16785386e-01, -4.40236130e-01,
        -9.56392830e-01,  2.32599517e-01, -1.54480666e+00,
         7.85697639e-01, -5.55194915e-01,  1.81276703e-01,
        -9.66994979e-01, -1.51715251e+00,  1.40763501e+00,
        -2.79953155e-01,  1.70702548e-02, -7.44422961e-01,
        -9.41353405e-01, -2.71197787e-01, -5.66318974e-01,
        -1.03371347e+00,  6.94857873e-01, -5.35742931e-01,
        -7.39428872e-01,  1.18985267e+00, -5.49996546e-01,
        -4.96449586e-01,  2.38234023e-01,  3.53885194e-01,
         7.83527798e-01,  4.15292974e-01,  4.68320881e-01,
         1.82738972e-01, -5.44968903e-01,  1.18485061e-01,
         5.96763186e-01, -8.07019223e-01, -7.89124298e-01,
         4.16019903e-01,  4.23650159e-01,  4.59842008e-01,
        -2.52543974e-01, -6.94154920e-01,  1.60808151e-02,
        -7.65540067e-01,  7.05941133e-02, -2.73992527e-01,
        -6.76170384e-01,  8.72144026e-02,  2.91110819e-01,
        -9.60710260e-01, -1.60071314e-01, -2.55925423e-01,
        -1.34257112e-01, -8.53701842e-02, -1.88978341e-01,
        -6.10546396e-01,  5.59845323e-01, -4.92205037e-01,
         4.94423117e-01, -7.31132076e-01, -8.28357504e-01,
        -4.65877452e-01,  8.82564503e-01,  9.20291886e-01,
        -2.88767458e-01, -1.64956415e-01, -9.94277127e-01,
        -8.42716578e-01, -6.87468772e-03,  5.65910547e-01,
        -5.78095849e-01,  4.19091073e-01,  5.07342211e-01,
         5.00850715e-01, -5.60434179e-01, -1.08883658e+00,
         1.31535042e-01, -1.01032004e+00, -1.47756684e-01,
        -3.94602064e-01,  1.11239642e+00, -4.80227845e-01,
         1.07652140e+00,  3.21977640e-01, -1.36710185e+00,
        -5.93725539e-01, -1.60157546e-01,  1.02046014e+00,
        -4.10387754e-02,  2.87723374e-02,  1.62209396e-01,
        -2.27290782e-01,  1.70056326e-01,  9.70072661e-02,
         1.20929423e-01,  2.06234987e-01, -5.38705974e-02,
        -1.26279936e+00, -6.20234235e-01, -5.22869793e-01,
        -5.86125257e-01,  7.92187139e-01, -2.38452744e-01,
         1.11226842e+00,  8.17376167e-01,  4.28606319e-01,
        -1.00457756e-02,  7.53615601e-02,  5.29290340e-01,
         7.56210680e-01,  2.38253173e-01,  1.59330952e-01,
         1.78969465e-01, -1.15810939e+00, -5.51846150e-01,
         2.26111163e-01, -6.05175330e-01,  6.92552007e-01,
        -1.63552635e-01,  5.95835924e-03,  1.36034773e-01,
         3.86990133e-02, -4.79076929e-01,  8.14685444e-03,
        -1.22995166e+00, -1.49181402e+00, -1.86910611e-01,
        -3.66473023e-01, -4.68500754e-01,  4.06418570e-01,
        -6.30464114e-01, -1.03717313e-01,  9.47854149e-03,
         2.58272673e-02,  4.80505882e-01,  6.83726395e-01,
        -2.04189392e-01,  7.24370193e-01,  1.42414059e+00,
         2.27427385e-02,  9.28663232e-01,  4.32813948e-01,
         1.43781972e-01, -2.16746274e-01, -9.07002534e-01,
         1.17933680e-01, -5.63945182e-01, -6.05597140e-01,
         7.40809319e-01,  6.72537088e-01, -8.17620556e-02,
         1.17121309e+00,  5.92541693e-01, -1.03211521e+00,
        -6.09578986e-01, -1.96253596e+00, -1.95062733e-01,
         7.80188312e-01,  7.69682396e-01, -8.52611843e-03,
        -1.16785658e+00,  9.42124663e-01,  4.07629168e-01,
         3.81827445e-01,  5.37081494e-02,  5.44643973e-01,
         8.36797170e-01,  1.66520047e-01,  1.22130042e+00,
         1.36278142e-01, -6.38988551e-01,  4.75960651e-01,
         6.29872796e-01,  2.50103190e-01, -1.55517048e-01,
         8.01425251e-01,  6.65954805e-01,  2.96103702e-01,
        -1.37281415e-01,  3.63387236e-02, -2.93295301e-01,
        -3.73582645e-01,  3.77527096e-01,  3.09882763e-01,
        -1.54912743e-01,  7.80870755e-01, -2.89214116e-01,
         2.79230724e-01,  1.55046340e-01,  3.29194443e-02,
        -2.63883591e-01, -6.67137082e-02, -4.29702057e-01,
        -6.25687320e-01,  8.47951872e-01, -3.60858670e-01,
         3.10885626e-01, -2.30259963e-01,  7.69305253e-02,
         5.15523400e-01, -5.70449800e-01,  7.07774258e-01,
        -1.09162677e+00,  3.20958145e-01, -2.61962478e-01,
        -6.75155142e-01,  8.65709322e-01, -1.78470597e-02,
        -4.92006976e-01,  3.77031949e-02,  6.47803687e-01,
         4.87057688e-01, -1.42097458e-01,  4.69235364e-01,
         2.21287499e-01,  3.50125719e-02,  4.61099194e-01,
         1.34679215e-01, -9.33829452e-01,  4.77105266e-01,
        -6.50584258e-01,  6.12396429e-01,  3.39095860e-01,
        -5.32547461e-01,  3.12883436e-01, -1.06893415e+00,
        -1.21038165e+00, -6.66786555e-02,  6.91996091e-01,
        -4.55297799e-01, -9.17545301e-01,  2.20196146e-01,
         4.63758583e-01, -5.89363634e-02, -4.37607196e-01,
        -7.24911850e-01,  1.37909478e-01, -9.44231355e-01,
        -7.05635547e-01, -3.86377968e-03,  5.58319703e-01,
         2.03472818e+00, -2.35840069e-01, -2.33285603e-01,
         1.90733511e-02,  2.82225558e-01,  5.27047547e-01,
         4.73076498e-01,  4.60064582e-01, -9.19686590e-02,
         8.78632068e-02, -3.46688961e-01, -9.17370697e-01,
         2.41721602e-01, -4.59028709e-01, -1.04563793e+00,
         8.24939163e-01, -6.91897505e-02,  3.00132904e-01,
        -4.35275208e-01,  1.88378591e-01,  1.26161962e+00,
        -1.33198976e-01, -5.83679939e-01, -5.89572919e-01,
         1.16828555e+00,  1.40223260e+00,  6.54601427e-01,
        -1.19668005e+00,  7.02915142e-02,  1.03492569e+00,
         1.28770089e-01, -2.55327049e-01,  3.67472361e-01,
        -5.05692804e-01, -5.74776312e-02, -8.06613077e-01,
        -8.02991987e-01, -4.34776428e-01, -1.05016336e+00,
         5.78505735e-02, -2.21268738e-01, -1.12367192e+00,
         2.47205228e-01,  1.92876574e-02,  2.95446787e-01,
        -7.65641507e-02, -1.27806829e-01, -4.36725459e-01,
        -2.09282429e-01,  3.57965605e-01, -8.88907286e-02,
        -2.28203296e-01, -4.82744402e-02, -1.43631688e-01,
         1.27013008e-01, -2.73000783e-01, -5.40335748e-01,
         6.01708044e-01,  8.56368368e-01, -6.25277228e-01,
        -1.11312694e+00, -2.53255939e-02, -4.16618961e-02,
         2.26544022e-01, -2.65111507e-01, -5.25164361e-01,
        -2.51672684e-01,  5.44314563e-01, -1.20644856e-01,
        -3.93279542e-01, -9.54220801e-01,  1.16988402e+00,
        -1.56414987e+00, -6.61649864e-01, -2.93222112e-02,
         7.37214641e-01, -4.20561182e-01,  2.45668699e-01,
         3.92640944e-01,  3.97221531e-01,  2.87069529e-01,
        -8.28928480e-01, -9.42612434e-01,  9.09394869e-02,
        -5.49367912e-01, -8.09712432e-01, -7.37093347e-01,
        -7.02026139e-01, -3.49007260e-01, -6.52680540e-01,
        -9.06648893e-01,  2.44315972e-02, -1.47854319e+00,
        -3.10950541e-01,  1.06298599e-01,  2.35919536e-01,
         8.80184820e-01,  1.01213665e+00, -6.58200398e-01,
        -1.03490617e-01,  7.70266584e-01,  5.24232272e-02,
         2.59344352e-01,  1.50401150e-01,  4.11330008e-01,
        -5.50781380e-01,  5.81297805e-01,  5.51245676e-02,
        -9.62352206e-02]]), array([37.55766373])]]
Dataset str(5)
Time elapsed in seconds
0.7559874057769775
[22, [array([[-0.19604786,  0.95591618,  0.24046965,  0.68232523, -0.57184111,
         1.28220959,  0.10857455,  0.61465999, -0.00417747,  0.15721338,
        -0.39624715,  0.7435184 ,  1.0613113 , -0.18495518,  0.10035504,
         0.24767867,  0.176766  , -1.28487255,  0.2116197 , -0.92107941,
        -1.30632543,  0.9015488 , -0.0233619 ,  0.35238177, -0.34755722,
        -0.87752025, -0.55088098,  0.1409703 , -1.14745999, -1.14310019,
         1.04363091,  0.1057769 ,  1.04050148,  0.03147841, -0.01242174,
         1.4508489 , -0.7748006 ,  0.58374848, -0.976335  ,  0.13174285,
         0.51144445, -0.4211599 , -0.29015341, -0.68784281,  0.47693795,
         0.43501107, -0.52391755, -0.07971963, -0.23631421, -2.03816039,
        -0.76808475,  0.24847521, -0.17035878,  0.97185211, -0.9332539 ,
        -1.2254238 , -0.2325869 ,  0.07861981, -0.40859541,  0.91165473,
        -0.7671087 , -0.29930142,  0.16112913, -0.7295892 , -1.39986571,
        -0.35631083, -0.26130569, -0.01779025, -0.38871479,  0.78624673,
        -0.6646427 ,  0.09977501,  0.01984503,  1.76339559, -0.32400097,
         0.42469191, -0.53516643, -0.7192446 , -1.1678731 ,  0.66649718,
        -0.0137509 ,  1.35559831,  0.09294686,  0.56370963, -1.36727837,
        -0.25542941, -0.48020703,  0.94694453, -0.3472064 ,  0.69742697,
        -0.71699421, -0.06474979,  0.53850412,  0.32293002,  0.28119477,
        -0.94974715, -0.01374697, -0.97619261, -0.60400549,  1.27797594,
        -1.16291318, -1.22328921,  1.34194298, -0.90772622,  0.3885277 ,
        -0.16064616, -0.47768826,  0.37277538, -0.52569567, -0.71729561,
         0.76367018, -0.33169561,  0.93309934, -0.48824657, -0.47196307,
        -0.95902923, -0.03567369, -0.54678096,  0.41644563,  0.19795936,
         1.25829938, -1.2574258 ,  0.85294315, -0.11076951,  0.39268198,
        -0.60967879, -1.19682565,  0.5991549 ,  0.42908996, -0.65508531,
         0.26770063,  0.20665544,  0.46831368, -0.29320355, -0.47449183,
        -0.08545945,  0.39234142,  0.36311174, -0.81656652,  0.15883764,
         0.00762484, -0.7104728 , -0.65016465, -1.10899808,  1.84609866,
         0.95980118,  0.68571352, -1.09662743, -1.75069485,  0.06692624,
         0.90009175,  0.10635177,  0.05884847, -0.28229307,  0.03344276,
         0.19700138,  0.41251656,  0.59563195, -0.95421427, -0.05554358,
         0.21387837, -1.0481671 , -0.10704381, -0.44727281, -1.32120697,
         0.73247228,  0.33457009,  0.60453141,  0.09142656,  0.22601959,
        -0.94744784, -1.13439482,  0.20908147, -0.14972332,  0.84242961,
        -0.62535078,  0.06391952,  0.52479343, -0.44946332,  0.38089003,
         0.31796488, -0.33203529, -1.47473716, -0.18964306,  0.05361805,
         1.18035811,  0.62735423, -0.55858181,  0.10274676,  0.47208613,
        -0.21890243, -0.51496185,  0.3533734 , -1.19239393,  0.67969345,
         0.28033351, -0.76743156, -0.35927301, -0.41563655, -0.32159568,
        -1.13406598,  0.50964778,  0.67244292,  0.34061351,  0.10970329,
        -0.07059139, -0.05400601, -0.53891378,  1.01390879, -0.8550347 ,
        -0.68000889,  0.06969762, -0.35335648, -0.96412554, -0.07381901,
        -0.5117446 , -0.85445088,  0.4355049 ,  0.68450831, -0.27474737,
         0.39211052,  1.18318805,  0.62849295, -0.62376221, -0.76018706,
        -0.20052642, -0.5275169 ,  0.13385717, -1.26073663, -0.42601682,
        -1.04793332,  0.41844384, -0.71889462,  0.29446314,  0.84229293,
        -0.25699737,  0.15731626,  0.9407999 , -0.58702992,  0.49165663,
        -0.10870897, -0.55816056, -1.27634417,  0.61650811,  1.10446966,
         0.42385937,  0.01191626, -0.85317962, -0.77222698,  0.31726443,
         1.42685331, -1.01207026, -2.1897346 ,  1.17619791,  0.14182756,
        -0.44624541,  0.3010745 ,  1.09998679, -0.31798617, -1.19466589,
        -0.10037294, -0.36620272, -1.00205918,  0.11973733, -0.04903805,
        -1.44044439, -0.0419522 ,  0.75033529,  0.56947705,  0.96054669,
        -0.2162253 , -0.81458106,  0.21771736,  1.08009763, -0.24606719,
        -0.41377445, -0.08467449, -0.61088368, -0.26701941, -0.20613908,
        -0.46348338, -0.57047619, -0.92817101, -0.4197319 ,  0.11848768,
         0.17004359, -0.48496166, -0.64555375, -0.19712078,  0.1795918 ,
        -0.91619116,  0.24831724, -1.44735444, -0.69166941, -0.314667  ,
         0.48484889, -0.3976479 , -0.08506205, -0.61300112, -0.40363722,
        -0.44059483, -0.5288418 , -0.6935649 ,  0.92794624, -1.12684484,
        -0.64058779,  0.88505199,  0.80469589, -0.33755731,  1.09292538,
        -0.68564235,  0.06488989, -0.90242252,  0.46602764, -0.72957476,
         0.54534546,  0.30660246, -1.87167779,  1.52757243,  0.12357749,
         1.35540052,  0.36597841,  0.47540792,  0.36196947,  0.39468664,
        -1.20776096, -0.26309151, -1.46946477,  0.11552868, -0.06515911,
        -0.63594624,  1.17744698,  0.02882801,  0.25729771,  1.62643705,
         0.82847848,  0.35421932, -1.40800413, -0.90959199, -0.75454431,
        -0.46135446, -1.10207036,  1.09994741, -0.4596131 ,  0.25678163,
        -0.5161575 ,  0.14220071,  0.3954784 ,  1.28829707,  0.46535216,
         0.50371734, -0.71986388, -0.80268939,  0.63444749,  1.23624447,
         1.46419796, -0.91791667,  0.2188936 ,  0.05382945,  0.72551798,
         0.02855991,  0.37076522,  0.20147861,  0.80181116, -0.29743113,
         0.7585382 , -0.17728993, -0.83880167,  0.13747492, -0.26527167,
        -0.05996847,  0.53646047,  0.12165745,  0.54497322, -0.7002415 ,
        -0.82220495, -0.82272056,  0.85213356, -0.92589023, -0.16536811,
         0.36496519,  0.60542556,  0.55978396, -0.23094789,  0.68470506,
         0.06985074, -1.35848699, -0.6704187 , -0.27135507,  0.97713798,
        -0.17759839,  0.76168388, -0.32601118, -0.6445478 ,  0.06236334,
        -0.03311779, -0.15552132, -0.54865147,  1.56829879, -0.39709755,
         0.81759182, -0.17341817, -0.2919148 , -0.80920451, -0.25226705,
         0.54611467,  0.8425317 ,  0.14736313,  0.22856155, -0.2682513 ,
         0.89020697,  0.5985288 , -0.63236491,  0.23167441,  1.08960194,
        -0.59649835,  0.09805926,  0.23678167,  0.30395674, -0.06953906,
        -0.06184937,  0.17513412, -0.27245487, -0.39455768, -0.42326937,
         1.24916409, -0.44570165, -1.00755348, -0.66061356,  0.3535647 ,
        -1.34211542,  1.06995067, -0.40536102, -0.86035205, -1.28527508,
        -0.20587552, -0.65248781, -0.55033478,  1.6360636 ,  0.05166166,
         1.47227116, -0.27134708, -0.84808024, -0.28976663,  0.06320082,
         0.64758804,  1.06433421,  0.72581632, -0.91850787, -0.06348408,
         0.02624055, -0.3042789 ,  0.25639201, -0.15338004,  0.11210434,
        -0.63508277,  0.31357967, -0.61703078,  0.1319077 , -0.33812622,
        -1.60826823, -0.75335829,  0.70056272,  0.22601802,  0.96045624,
        -0.95024092, -1.62600171,  0.98212983,  0.88598398,  0.34286372,
        -0.29249234, -1.09205454,  0.00746629, -0.68389401, -0.80932899,
         0.07989815, -0.21974815,  0.15551449, -0.60795644, -0.08287037,
         0.33721648,  0.01363386,  0.46071653,  0.15047456,  0.08589091,
        -0.34818743, -0.51258386]]), array([5.97306628])]]
Dataset str(6)
Time elapsed in seconds
0.4431643486022949
[22, [array([[ 1.78841346e-01, -3.44838734e-01, -4.77413042e-01,
         8.66585975e-01,  1.21058204e+00,  2.24825775e-01,
         8.09567927e-01, -1.48363233e-01, -8.63136957e-01,
        -1.29187012e-01,  1.28443560e+00,  2.86955954e-01,
         5.89241282e-01,  7.99884839e-02, -4.14722974e-01,
        -6.87857286e-01,  3.02054489e-01, -8.60282088e-01,
        -8.44427338e-01,  5.94849055e-02,  5.15142989e-01,
         1.47664411e-01,  2.47656383e-01, -1.49050200e-01,
        -6.61158596e-01,  8.12185729e-01, -5.09945677e-01,
        -8.23227409e-01,  5.97999537e-02,  7.76855716e-01,
         8.30812166e-01,  1.48132571e+00,  8.50071801e-02,
         1.54686655e-02, -1.09924173e-01, -1.13704642e+00,
        -1.78547425e-01,  9.36499130e-02, -4.47884447e-01,
        -6.03069664e-01, -5.54843894e-01, -2.01826277e-01,
         1.43261708e+00, -1.27301745e-01,  5.80570254e-01,
        -4.71447019e-01,  6.30291534e-01,  3.59324305e-01,
        -6.14894794e-01,  8.49570498e-01, -8.77095843e-01,
         9.00348958e-02,  2.13211569e-01,  5.13134674e-03,
        -4.94142096e-01, -4.28333013e-01,  3.34102290e-01,
         4.99430013e-01, -1.05580326e+00,  2.51974012e-01,
         6.90636311e-01, -9.38230031e-01,  4.05126736e-01,
        -1.82515860e-01,  6.02580457e-01, -6.38206296e-01,
        -7.55322951e-02,  1.06348865e+00,  2.97832884e-01,
        -2.92533618e-01,  1.22920436e+00,  1.58374736e-01,
         9.63377845e-01,  1.65021808e-01, -1.87557377e-01,
         8.34824501e-01, -8.08481259e-01, -4.41067199e-01,
        -2.48136366e-01, -8.45590038e-01,  2.22059291e-02,
         8.03207584e-01, -1.33338435e+00, -5.74070932e-01,
        -9.23158021e-01, -1.32670710e+00, -5.22589186e-01,
        -1.41056369e-01,  1.16296311e-01,  1.05997741e+00,
         6.13940575e-03,  8.18462918e-02,  7.28948586e-01,
         4.33545758e-01,  4.62551565e-01,  7.66503418e-01,
        -1.84807300e-01, -3.72914464e-01, -3.99265677e-01,
         4.91156213e-01, -7.70399625e-01, -7.07929764e-01,
        -3.56427171e-01, -1.78886692e+00, -1.51132536e+00,
        -1.34490168e+00, -5.72645463e-01,  5.23580865e-01,
        -7.62448163e-01,  1.14743532e-01,  7.26132094e-01,
         2.87954065e-01,  2.80970124e-01, -6.54812225e-02,
         1.36945803e+00, -3.30350975e-01,  1.02980528e+00,
         5.26174764e-01,  3.91989027e-01,  8.95648666e-02,
        -4.73498891e-01,  7.37533690e-01, -4.77463749e-01,
         5.74545952e-01,  6.31276445e-01,  3.54914841e-01,
         3.60117645e-01, -4.03432991e-01, -4.44292098e-01,
        -1.66706278e-01, -3.63979848e-01, -1.30766940e-01,
        -4.44279692e-01,  7.88973171e-02, -8.35316910e-02,
        -3.19096289e-01, -4.17291571e-01,  6.16549877e-01,
         8.86257694e-01, -2.42201648e-01,  3.57378525e-01,
        -2.74698701e-01, -2.54363914e-01, -1.63266711e-02,
         4.05358969e-02,  6.39816663e-01, -6.62938842e-01,
        -5.47475846e-01, -5.71416646e-01,  2.22564739e-01,
        -2.86275525e-01, -5.74465419e-01, -7.37169483e-01,
         1.18034439e-01, -1.06987958e-01, -2.96094792e-01,
         3.07604021e-01, -5.31241847e-01, -4.30510119e-01,
        -1.40295916e+00,  4.49425434e-01, -8.23984771e-02,
        -3.61115809e-01,  8.17152336e-01,  4.88041134e-01,
        -8.36175660e-01, -2.97884055e-01,  1.05225265e+00,
         9.69347329e-01, -2.93697656e-01, -5.36221095e-01,
        -3.56233934e-02,  1.04903209e+00,  1.73760803e+00,
        -1.03752659e+00,  3.21932920e-03, -6.68984673e-01,
         4.97992094e-01, -9.22834111e-01, -9.42213299e-01,
         4.74953834e-02,  1.51049989e-01,  1.34232975e+00,
        -6.12071060e-01,  3.11002063e-01,  3.64448717e-01,
         3.52138489e-03,  2.09947434e-01,  9.64929097e-01,
         9.15574993e-01,  6.12500547e-01, -1.92734519e-01,
         2.65955558e-01,  7.96295210e-01,  8.63253269e-01,
        -6.23258278e-01, -6.33597753e-01, -9.34096585e-01,
         4.10964069e-02,  2.79726489e-01, -4.01143636e-01,
        -2.49861828e-01,  5.38188475e-01,  2.73764017e-01,
         5.59645209e-01,  2.74806533e-01, -1.74491696e-01,
         7.12004355e-01,  3.56863967e-01,  5.36829001e-02,
        -2.94741776e-01, -2.46321516e-02,  8.61108774e-01,
         1.10317320e+00,  5.50921348e-01,  5.10353205e-01,
        -1.32787511e+00,  5.19090728e-01,  9.68825570e-02,
        -3.16240757e-01, -4.99258123e-01, -1.20333389e-01,
         4.21871366e-01, -2.10163147e-01,  1.03078861e-01,
        -4.84169419e-01,  4.06528810e-01,  4.38304791e-01,
         3.37895427e-01,  4.25186135e-01,  1.42055693e-01,
        -7.13203839e-01,  3.64763858e-01, -2.52744007e-01,
         1.10309269e+00, -6.87602971e-01,  3.59932026e-01,
        -3.49345690e-01,  1.11113906e+00,  5.26604986e-01,
        -8.69790310e-02,  3.07958657e-01, -4.48669573e-01,
        -1.12676832e-02, -2.37797700e-01, -3.77216312e-01,
        -1.42591303e+00,  3.95086351e-01,  1.61730286e-01,
        -1.87536382e-02, -2.93623199e-01, -1.37902646e+00,
         2.55371762e-01,  4.67852511e-01, -1.78776880e-01,
        -8.13356371e-01, -5.19381047e-02,  9.90217026e-01,
        -4.08615090e-01, -5.42519460e-01,  9.60680480e-01,
         4.71360439e-01, -6.44860309e-01, -5.80805941e-01,
         4.50200770e-01,  1.12394760e-01, -8.95655175e-02,
        -1.17514821e+00, -1.93764697e+00,  7.51546624e-01,
        -3.61816923e-01, -1.14676150e-01,  1.43925193e-01,
         1.73363259e-01,  2.22363220e-01,  6.63477684e-01,
         1.72090822e-01,  1.25969788e+00, -1.39225767e+00,
        -1.67144160e+00, -5.28352162e-01, -5.28865074e-01,
         9.68245238e-01, -1.00690554e+00,  1.38131425e-01,
         1.92444406e-01,  5.54210639e-02,  9.62092673e-01,
        -1.66526404e-01, -3.83580958e-03,  9.42258840e-01,
        -3.40248721e-01, -1.49624772e+00,  2.13646458e-01,
         1.06229631e+00, -7.41825669e-01,  1.75149737e-01,
         1.12748554e+00, -6.07772237e-01,  3.54556518e-01,
         1.63235678e-01,  1.93636635e-01,  2.02990039e-01,
        -7.27778223e-01,  1.50143785e-01,  3.05612817e-01,
         1.44399314e-01,  5.49738242e-01, -9.09563967e-02,
        -1.37109279e-03, -4.04881262e-02, -1.07800644e+00,
        -3.07140089e-01, -9.71672853e-02,  5.68945773e-01,
        -3.86664079e-01,  6.74564053e-01, -2.36935349e-01,
         6.53735079e-01,  8.62263643e-01, -5.05551202e-01,
        -3.52559393e-01, -1.28010319e+00,  2.62049980e-01,
        -8.07102040e-01, -1.53705949e+00,  4.06259912e-01,
        -1.95362779e-01,  1.40953540e-01,  1.29598778e-01,
        -6.38983889e-01, -2.27205153e-01, -2.12024821e+00,
         1.08342436e+00, -4.71191610e-01,  8.95574754e-01,
         7.68865783e-01,  6.99322752e-01,  1.24718471e+00,
        -2.31661076e-01, -2.46008077e-01, -4.56218071e-01,
         1.40528330e+00,  4.64260036e-01, -3.77441976e-01,
        -2.79277498e-01, -1.28310252e-01,  4.27324717e-01,
         3.85594790e-01,  7.39296582e-02,  1.50573759e-01,
         9.01391362e-01,  1.75302046e-01, -2.52232629e-01,
         5.50127483e-01, -4.63898631e-01,  1.25523024e+00,
         4.24777591e-01, -2.60955959e-02,  1.70580458e-01,
         8.77756426e-01, -3.78517679e-01, -3.32908897e-01,
         2.42209048e-01,  7.71246676e-01,  9.40015073e-01,
         3.35211296e-01,  1.10246642e+00, -2.44870201e-01,
        -7.77565530e-01, -6.71644086e-01, -1.58267546e-01,
        -3.12354408e-01, -2.05721848e-01, -1.12692262e-01,
         5.50483049e-02, -8.71628579e-01,  1.13622149e+00,
         5.38111239e-01, -9.73859830e-01, -4.54467027e-01,
        -3.75967818e-01,  3.09397223e-01, -2.76444812e-01,
         7.85832908e-02,  7.95549943e-02, -2.73829328e-01,
         8.29259835e-01,  1.07674381e+00,  7.59528376e-01,
         3.09463680e-01,  4.61829275e-01,  4.02434037e-01,
        -1.79483938e-02, -6.23310263e-02,  8.12124760e-01,
         7.50510061e-01,  7.91876658e-01,  4.44388843e-01,
         7.95609835e-01,  1.81100756e-01, -4.57969485e-01,
        -1.71082654e-01,  1.14516154e+00, -1.81965043e-01,
         8.02952411e-01, -1.59854232e-01, -8.98688508e-02,
        -3.41107567e-01,  5.28054540e-01, -5.91833488e-01,
        -8.44476214e-01,  1.36265070e+00, -5.59955773e-01,
         3.35310559e-01, -4.70189741e-02,  7.95598986e-01,
         4.00287466e-01,  3.45241066e-01,  3.02016071e-01,
         5.18380596e-01, -1.57041356e-01,  4.01426111e-01,
        -6.57819049e-01,  6.88721798e-01, -4.20375767e-01,
        -9.01120224e-01,  3.86821670e-01, -2.70762677e-01,
        -3.98547804e-01, -1.36308962e+00, -6.63856882e-01,
        -5.35311499e-01, -1.06860709e-01, -4.65014453e-01,
         6.74552831e-01, -2.77434401e-01, -2.18939501e-01,
         6.13225457e-01,  1.05961518e+00,  3.86140919e-01,
         1.54801363e-01,  6.00140312e-01,  3.80654673e-01,
         8.00553126e-01, -5.36105005e-01, -3.87687944e-03,
        -9.76927434e-01,  8.96905357e-01,  5.25454010e-01,
         5.87498330e-01,  7.76973890e-01, -3.75889680e-01,
        -1.70303716e-01,  3.79361371e-01, -1.81349096e-01,
        -4.66458993e-01,  1.63978273e-01,  7.52538046e-02,
         6.42419976e-01, -5.54952617e-01, -4.36093612e-02,
        -4.94467860e-01, -9.37827000e-01, -2.62265882e-01,
         1.32442455e-01, -5.92765417e-01, -3.37258441e-01,
        -2.88988328e-01,  6.88160174e-01, -4.11077624e-02,
        -1.38728721e+00, -3.74415102e-01, -1.38435468e-01,
         2.68867525e-01,  1.56004507e-02,  3.58651042e-01,
        -1.08073802e+00, -5.89798597e-01,  1.39815417e-01,
        -2.35196638e-01,  4.76983898e-01, -4.67784435e-01,
         4.30691516e-01,  5.35057365e-01,  2.63544910e-02,
         5.18229391e-01]]), array([24.56632487])]]
Dataset str(7)
Time elapsed in seconds
0.19237351417541504
[22, [array([[-1.59748705e-01, -5.32252685e-01,  6.69111905e-02,
        -3.39984385e-02,  3.52701127e-01, -2.06801664e-01,
         4.04253617e-01,  2.05630749e-01, -7.62600311e-01,
         4.66425988e-01, -4.89348147e-01, -1.33849759e-01,
        -4.18052368e-02, -9.39441539e-04,  1.68958772e+00,
         2.75925507e-01, -6.94219322e-01,  5.71869466e-01,
         6.58132868e-01,  1.20020981e-01,  2.54077318e-01,
         1.27063898e-01, -7.95194522e-01, -2.34783090e-01,
         1.06599016e+00, -3.70281016e-01,  7.18947212e-01,
        -6.31709078e-01,  2.97184041e-01, -1.51328643e+00,
        -2.49622981e-01,  1.51332837e-01, -1.68466707e-01,
        -5.80576290e-01, -6.56277804e-01, -1.04129872e+00,
        -6.04794967e-01,  4.75921535e-01, -2.10662584e-01,
         1.40228545e+00,  8.89921351e-01,  6.98942257e-01,
         2.12744707e-01, -2.42817574e-01, -1.62458282e+00,
         2.72340971e-01,  1.14913915e-01, -1.34962854e+00,
        -8.30945442e-01, -2.41877565e-01,  1.48787331e+00,
        -4.95310629e-01,  9.37064496e-01,  3.12933444e-01,
         3.63615425e-01, -2.46550068e-01,  1.30323903e-01,
         2.23809355e-01, -4.14514542e-01, -1.35006937e-01,
         1.62241307e-01,  1.20542527e+00,  9.35132124e-01,
         3.07692229e-02,  2.38805810e-01, -5.62180197e-01,
        -3.80290338e-01,  1.10186268e+00,  5.08974328e-01,
        -1.02398535e-01,  2.93355448e-01,  8.62390518e-01,
         1.63574393e-01, -3.33113821e-01,  1.70729221e+00,
         2.72282361e-02, -5.83103184e-01, -2.88247119e-01,
         7.49152884e-01, -3.62077338e-02, -4.68259910e-01,
        -8.54551090e-01,  6.27382417e-01,  1.16381647e-01,
        -1.42674948e+00,  5.93222987e-03,  2.93641855e-01,
        -1.67070038e-01, -3.00361170e-02,  1.86687532e-01,
         1.93265579e-01, -4.74255567e-01, -4.28435123e-01,
         4.21159229e-01,  3.98164460e-01, -9.75422956e-01,
        -6.22109182e-01, -2.22903147e-01, -1.28529728e+00,
         2.25164430e-01,  7.86259076e-01,  3.43986430e-01,
         1.83028196e+00,  1.22714031e+00, -1.04793183e+00,
        -8.68298980e-01,  2.90593075e-01, -5.80651558e-01,
        -3.90604072e-01, -6.00239202e-01,  7.00960727e-01,
        -6.00161490e-01,  5.73484206e-01,  9.47259046e-01,
         5.01465579e-01,  4.22779153e-01,  1.98053505e-01,
         9.24280358e-01, -4.61220693e-01,  5.61318724e-01,
         9.13236171e-02,  8.41676833e-01,  1.00629785e+00,
        -3.78750624e-01,  1.09566699e+00,  1.15941111e-01,
        -5.13150820e-02,  1.64610034e-01,  4.21544123e-01,
        -2.79296823e-01,  2.44892457e-01, -5.08504162e-01,
        -7.10102953e-01,  4.20225861e-03,  1.18274199e+00,
         7.44684573e-01,  8.91483824e-01, -1.14922358e-01,
        -6.05070698e-01, -1.60926808e-01,  7.46373672e-03,
         4.95237179e-01,  2.52562320e-01,  1.16387199e+00,
         2.82542730e-01, -4.53653516e-01,  1.16468670e+00,
         8.26905182e-01, -7.59983609e-01,  9.16544264e-02,
        -6.52811535e-01,  9.93708772e-01,  2.77791295e-01,
         1.00945133e-01, -1.78400538e-01,  1.02199303e+00,
         1.91834152e-01, -1.30779530e-01,  3.43075001e-01,
         1.85986728e-01,  2.93206896e-01, -4.78281509e-01,
         5.10385887e-01, -3.87922079e-01,  7.69028280e-01,
        -2.75273002e-01,  2.75398818e-01, -2.12642717e-01,
        -3.57032526e-01,  4.70046557e-01, -1.95002133e-01,
        -7.07163508e-01,  9.01435270e-01, -3.28908946e-01,
        -1.46028964e-01,  3.02091147e-01, -8.31224651e-01,
         3.45487228e-01,  1.09551014e+00,  1.48857276e-01,
        -1.06277056e-01,  1.53614500e-01, -3.69253222e-01,
         2.81748980e-01,  9.57552478e-01, -1.43756106e+00,
         1.26647535e+00,  2.75992669e-01,  2.68799595e-02,
         1.16911275e+00,  5.82481118e-01,  3.43646756e-01,
         1.31613230e+00, -1.20118564e-01, -8.22873188e-01,
         8.38316573e-01,  8.80839358e-01, -5.67638185e-01,
        -1.14085897e+00,  2.52659155e-01, -9.40936021e-01,
         1.17986956e+00,  1.26617700e+00,  1.00522427e+00,
         1.54770657e-01, -4.06295436e-01,  1.62022874e-01,
         7.52687870e-01,  2.97531456e-01, -5.65452480e-01,
        -5.71292660e-02, -2.70101339e-01, -9.29555708e-01,
         1.13824152e+00, -4.68861141e-01,  9.46850322e-01,
         9.26171058e-01, -8.78706652e-02, -1.07151448e+00,
         2.02805528e-02, -1.04955912e+00, -1.30288859e-01,
        -9.67904642e-01, -3.17589720e-01,  2.89503885e-01,
         2.67541218e-01, -5.99094806e-01,  6.29582228e-01,
        -1.21873476e-01,  7.69966719e-01,  1.09510799e+00,
        -3.54879713e-01,  5.75700434e-01,  3.59279430e-01,
         4.64569682e-01,  1.03688709e+00,  7.67706734e-01,
         1.60930866e-01,  5.65175286e-01,  6.41900722e-01,
        -5.29068718e-02, -7.91270174e-01,  1.62379788e+00,
         3.18599426e-01,  5.20203638e-01, -3.40526757e-01,
        -1.00978677e+00,  1.33896025e-01,  8.77467574e-01,
         6.25073181e-01, -1.02069505e-01,  1.08457368e+00,
         9.01935828e-01,  1.58947994e+00, -2.05854941e-01,
        -8.84529370e-02,  8.68251135e-01, -3.51057504e-01,
         3.44718714e-01,  4.39122433e-01,  4.25909153e-02,
        -2.81255861e-01, -3.62787148e-01,  1.41099029e+00,
        -7.01537252e-01,  1.74133145e-01,  1.59306421e-01,
        -1.26727348e-01, -5.46603009e-01,  1.84045198e+00,
         8.81907535e-01,  4.59458689e-01,  2.52709983e-01,
        -8.55451919e-02,  2.86310749e-01, -1.47044733e-01,
        -4.99789210e-01, -4.08932133e-01, -6.90433246e-01,
        -8.48999315e-01, -5.54918157e-04,  2.72362584e-01,
        -8.31547365e-01,  8.90702072e-02, -1.85525185e-01,
         1.63458419e-01,  6.99817510e-01, -6.64248532e-01,
        -7.94870101e-01,  6.47506359e-01,  9.63509727e-01,
         7.61204409e-01,  4.49523008e-01,  4.16506926e-01,
        -9.14333347e-01,  9.49134256e-02,  2.84752631e-01,
        -2.14102328e-01, -2.99288901e-01,  7.11267724e-01,
        -1.03030516e-01,  3.06495862e-01,  8.57247776e-01,
         1.02006095e+00, -5.94832869e-01, -8.81386899e-01,
         1.46487969e+00, -2.31085592e-01,  1.02391052e+00,
         1.79587479e-01,  1.22990999e+00,  2.78902738e-01,
         2.33723156e-01, -1.11959755e-01,  1.11547029e+00,
         2.87970453e-01,  6.98984951e-01,  5.52319388e-01,
        -1.94876140e-01,  2.58481657e-01, -3.22827661e-01,
         2.52282213e-01, -3.06564981e-01,  3.23690419e-02,
         3.51322156e-01,  4.36193673e-01,  8.61818193e-01,
         1.00541214e+00,  1.46087004e+00, -3.36889450e-01,
        -1.97992044e-01,  5.72565405e-02, -3.64668069e-01,
         5.03762212e-01,  1.67552112e+00,  1.39109207e+00,
         3.03349644e-01, -5.66312111e-01, -7.89941622e-01,
         3.38537588e-01,  1.10643889e+00,  8.64445708e-02,
        -1.29943462e-01,  4.98507382e-01,  1.03333573e+00,
        -6.19624719e-01,  7.73552214e-02, -6.90845719e-01,
        -3.30691610e-01, -9.70149438e-01, -4.58987600e-01,
         2.76644228e-01, -2.64875429e-01,  3.91275216e-01,
        -2.27572015e-01,  1.30271103e-01,  3.92321490e-01,
         9.15198994e-02, -1.02758095e+00, -1.23525655e+00,
         7.27547790e-01,  5.47061029e-01, -7.56591775e-01,
         1.05724613e-01,  1.09918071e+00, -4.18565987e-01,
         1.07253227e-01,  9.69914101e-02, -1.05043819e+00,
        -1.49957921e-01, -4.87671713e-01,  3.93125938e-01,
         8.42704273e-01,  1.75305116e-02,  9.35867743e-01,
        -8.96949208e-01,  1.31232475e+00, -6.26354868e-01,
        -6.65199585e-02,  7.20878797e-01,  5.38254688e-01,
        -1.36813772e-01,  1.78540331e-01, -9.17006113e-02,
        -5.08598212e-02,  4.67586876e-02,  2.08236338e-01,
         3.43900675e-01, -1.35162370e+00,  1.47550494e-01,
        -4.67293773e-01, -6.71164190e-01, -3.19435110e-01,
         6.55740028e-01, -1.09294088e+00,  1.16645449e+00,
        -9.06750636e-02, -2.66527369e-01, -4.57433584e-01,
         4.00217959e-01, -3.69350941e-01,  7.95388957e-01,
        -4.24728861e-01,  5.26695227e-02,  3.52184030e-01,
        -2.78069297e-01, -7.22481281e-01,  9.53624717e-01,
        -7.38374389e-02,  4.65382773e-01,  8.25621465e-01,
        -5.94047126e-02, -3.18169011e-01, -1.48601257e+00,
         1.40203899e+00,  1.18801425e+00,  2.35844652e-02,
        -1.35980796e+00, -2.04840702e-01, -4.28284161e-01,
        -6.79965491e-01, -1.39962032e+00, -1.14232280e-02,
        -2.64181374e-01,  5.21210327e-01, -2.17284949e-01,
        -5.50832083e-01, -4.51803613e-01,  1.40499356e-01,
         1.31708188e-01,  1.34259415e+00,  2.07220578e-01,
         8.72207118e-01,  6.93887090e-01, -4.69292345e-01,
         1.25786657e+00, -2.47732621e-01,  2.25048038e-01,
        -1.34005551e-01,  1.14245433e+00, -1.64204642e-01,
        -7.32818979e-01,  4.31682935e-01, -5.83164366e-01,
        -6.60969519e-01,  8.16551342e-02,  5.70198086e-01,
        -1.36251689e-01,  9.42528676e-01,  6.96562813e-02,
         2.07494322e-01, -1.72363964e-01, -4.36095633e-01,
        -3.33718907e-01, -6.40851479e-01, -9.12565715e-01,
        -5.23770166e-01,  6.68525837e-01,  1.49864962e-01,
        -9.11845796e-02, -3.38919208e-01,  1.21347886e+00,
         3.50234500e-01, -2.41291361e-01, -4.91243269e-01,
         8.82606576e-01,  3.98578803e-01,  9.31824625e-01,
        -2.92460672e-01, -4.04131000e-01,  2.22425375e-01,
        -4.08080135e-01, -7.16702210e-01,  1.05795020e+00,
         9.07703848e-01,  3.63302106e-01, -1.58381427e-01,
         2.87183279e-01, -3.72462273e-01, -1.32929985e+00,
        -4.81584128e-01,  7.20779178e-01,  9.52642444e-01,
        -1.53704155e-01,  1.32248496e+00, -1.17139597e+00,
         1.50316623e-01]]), array([24.18408922])]]
