Dataset str(0)
Time elapsed in seconds
4.143392324447632
[20, [array([[-0.7327086 ,  0.92858266, -0.10573393, -1.5867868 ,  0.05604339,
         0.53740338,  0.15456227,  0.04594735,  0.43694966,  0.38840755,
        -0.65570917,  0.12433694,  0.02264539, -0.16685457, -0.30490465,
        -1.32830297, -0.31071981,  0.17278387,  0.3086249 ,  1.07057519,
        -0.19962734, -0.30580683, -0.16446901,  0.06456476, -0.74517906,
        -0.96858988, -0.44317028, -0.28076163,  0.17539709,  0.00788949,
        -0.1948611 ,  0.34681915, -0.28407546, -0.05077963,  0.3431999 ,
         0.24301386, -0.47953396,  0.16000803, -0.71931304, -0.78821824,
         0.10900091,  0.01480221, -0.8150333 ,  0.00912286, -0.67877373,
         0.42939557, -0.04370922,  0.79356899, -0.21033324,  1.2246883 ,
        -0.07559557, -0.29835874,  0.36956835,  0.40098106, -0.94610831,
        -0.19879191, -0.22896478,  0.09049402,  0.84341879,  0.47795291,
         0.08870355,  0.78591353,  0.41269333,  0.31405479,  0.54708215,
         0.94223902,  0.06286705,  1.34015584, -0.57684779,  0.9145234 ,
         0.83203586,  0.41480875, -1.00785068,  1.03378368,  0.47487416,
         0.01008569, -1.43584871,  0.18965886, -0.80640375, -0.84011494,
        -1.57280401,  1.09252489,  0.04680233,  1.1176294 ,  0.55197862]]), array([31.41239097])]]
Dataset str(1)
Time elapsed in seconds
1.0020098686218262
[20, [array([[ 0.52302549,  0.34171993, -0.62557261,  0.44611621, -1.5867093 ,
        -1.06038434,  1.57927502,  0.86192266, -0.5173572 , -0.00578845,
         1.47467637, -0.34922688, -0.5112598 ,  0.3684088 , -0.2319599 ,
         0.10036846,  0.24057009, -0.63896069, -1.09727457, -0.20556048,
        -0.05783981,  0.26090498,  0.06438005,  0.74897941,  0.38170514,
         0.94946712,  0.25039943, -0.24559898, -0.26546662,  0.18087562,
         1.22433238,  0.95759373, -0.21049539,  0.23204006, -0.88238442,
        -0.41857745, -0.29798549,  0.90948282,  0.75997369,  0.31079624,
         0.10472456,  0.27134774,  0.61572041,  0.95704652, -0.347349  ,
        -0.48497245,  0.69412943,  0.58474321,  0.45314016, -1.19698016,
         0.19685703, -0.26491658,  0.47790434,  0.65056213, -0.31294636,
        -1.01546583,  0.31237263, -0.04099108,  0.59898645,  0.07838077,
        -0.68898201, -0.22114191,  1.24455175, -0.64989873, -0.36991649,
        -0.15237815, -0.21418683, -0.09052728,  0.57721228,  0.40634426,
         0.34459791,  0.34676944,  0.10650946, -0.18682314,  0.77309651,
        -0.93086977, -0.05622668, -0.40303507,  0.17271824,  0.45539662,
         0.07118344, -0.47787298,  0.45041572, -0.6953972 , -0.01631606]]), array([6.36888583])]]
Dataset str(2)
Time elapsed in seconds
0.531529426574707
[20, [array([[ 0.89790821, -0.45528881, -0.23643374, -0.73656164, -1.20441951,
         1.03339085,  0.45097835, -0.18891385, -0.3241563 ,  0.00435064,
         0.68139705,  0.58722457,  0.29412779,  0.80940678,  0.23892021,
         1.1598799 , -0.19908952, -0.38228076, -1.17036732, -0.42651372,
        -0.50215627, -0.09602756, -0.70756089,  0.14152045,  0.53637995,
         0.47181445, -0.15379155, -0.80454615, -0.68269646,  0.20954085,
         1.42813251,  0.20305275,  0.05752639, -0.02488966,  0.41463405,
        -1.25284126, -0.93939544,  0.26581955, -0.91643923, -0.33653065,
        -1.15351627, -0.07138093,  0.0604623 ,  0.29844038, -0.65063123,
        -0.6729608 , -0.0821552 ,  0.49911342,  0.55973194, -0.66494547,
        -0.76506595, -0.08256994,  0.31920378,  0.74745121, -1.43331052,
        -0.46842543, -0.33515494, -0.23446613, -0.36659502,  0.09569814,
        -0.11160781, -0.40731494, -0.70082027, -0.77703455, -0.55589653,
        -0.63167104, -0.2927947 ,  0.46513343, -0.49069699,  0.5358472 ,
         0.18968886,  1.21006318,  0.59986042, -0.45125524,  0.41802576,
        -0.69305497,  0.2059321 ,  0.32459969, -0.16099817,  0.55127322,
         0.36455159, -1.02709163,  0.48140651, -0.44079928, -0.22173179]]), array([33.9503609])]]
Dataset str(3)
Time elapsed in seconds
0.5351483821868896
[20, [array([[ 0.07535903, -0.09796069, -0.46956647, -0.49901761,  0.25413215,
         0.20243085,  0.61568359,  0.46070277,  0.54910085,  0.09550093,
         0.22444195,  0.22578766,  0.46347476, -0.67319725, -0.38012768,
         0.04559502,  0.55826331,  1.23233313, -0.13150542,  0.5162788 ,
         0.65502697, -0.213361  , -0.19416705,  0.03734011,  0.51014979,
         0.12862416, -0.38635046, -0.04547   , -0.57646334, -0.2519783 ,
        -0.89272837,  0.098925  ,  0.95804928,  0.77241524, -0.36500522,
         0.0840448 ,  0.10108266,  0.61965528,  0.86134595,  0.24771861,
        -0.25566203,  0.9902002 ,  0.16863576,  0.99593469, -0.90359933,
         0.28209012, -0.72548861, -0.29548596,  0.54516818,  0.25366596,
        -0.66413557,  1.25211442, -0.01587439, -1.09602949,  0.32245017,
         0.31985206, -0.43646935,  1.47328356, -0.24895497,  1.09882606,
         0.42346223,  1.05844729,  0.34910117,  0.34730548,  1.51910995,
         0.76799654,  0.52427158, -0.25483847,  0.96115085,  0.25082423,
         0.26390337, -0.03735206,  0.55628612,  0.15194777,  0.19538746,
         1.11328245,  0.62096537,  0.56750729, -0.31277869,  0.19623575,
         0.62084278,  0.98340267, -1.04727399,  0.72144146, -0.19766481]]), array([14.27740945])]]
Dataset str(4)
Time elapsed in seconds
0.1446988582611084
[20, [array([[-8.54988551e-02, -3.98888836e-01,  3.47960929e-04,
         2.17903160e-01,  3.23020530e-01, -2.71614256e-02,
         2.75340373e-01, -1.17257999e+00, -5.08626557e-01,
        -3.74219917e-02, -3.26766092e-01,  5.75065433e-01,
         5.32221868e-01,  2.13621322e-01,  4.93108488e-02,
         6.93910309e-02,  1.86199580e-01,  3.11125975e-01,
         5.66295438e-01, -3.77059831e-01,  3.50150988e-01,
         1.47767235e-01,  4.81092840e-01,  1.85158087e-02,
         1.09122305e+00,  8.28405596e-01,  1.61554004e-01,
        -3.25529492e-01, -1.23014599e-01, -5.71455386e-01,
         5.77641787e-01,  2.39377992e-01,  6.09274587e-01,
        -3.75471748e-01, -5.50785846e-01,  4.85498267e-01,
         6.66733372e-01,  1.84132670e-01, -2.41843046e-02,
         9.60483152e-02, -8.63431346e-01,  2.93283191e-01,
         4.10682253e-01,  1.52637563e+00, -3.53505059e-01,
        -1.37499350e+00,  2.25870468e-01, -1.21203749e-01,
        -2.08913148e-01, -1.06376181e+00,  7.55418997e-01,
         4.84572565e-01, -1.31195278e-01, -5.00535508e-01,
         1.01841784e+00, -6.41639200e-01, -1.33043938e-01,
         2.29607349e-01,  1.58194279e+00, -1.62270178e-01,
         4.51032413e-01,  2.76060838e-01,  6.86953342e-02,
        -5.73143605e-01,  5.06297741e-01, -3.34674768e-01,
         3.90841697e-01,  1.15695068e+00,  7.53427396e-01,
         1.78763190e-01,  5.19787511e-01,  1.37787045e+00,
        -1.01267691e-01, -3.89822300e-01, -6.52618444e-01,
        -4.18699521e-01,  1.54636505e-02,  3.88093563e-01,
         7.89841872e-01,  1.08170266e-01, -1.25135832e-01,
        -1.01594766e-01, -2.48790161e-01, -1.34059576e+00,
        -4.23859220e-01]]), array([5.3673497])]]
Dataset str(5)
Time elapsed in seconds
0.1253376007080078
[20, [array([[ 0.01880895,  1.03104059,  0.41640521, -0.94105154,  0.57275203,
        -0.07075564,  0.33602501,  0.7208923 ,  0.71051242, -0.58491933,
         0.46967915,  0.5961593 ,  0.40473417,  0.10768112, -0.19688478,
         0.72712319, -0.02003379, -0.44025989, -0.79789524, -0.47657232,
         0.18093978, -0.27176048,  1.38181749,  0.46826209,  1.18429727,
        -0.40436734, -0.42108565, -0.29079648,  0.30497545, -0.02661451,
         0.20017647, -0.41547039, -0.01484021, -0.49849221,  0.015271  ,
         0.65828133, -0.54969171, -0.8089582 , -0.51752427, -0.11829721,
         0.73795293,  0.17148067, -0.95244315,  0.06641611,  0.09774569,
        -0.42830606,  0.77035541,  0.25991495,  0.02684224, -1.43885049,
         0.3375221 ,  0.07851896, -0.28851715, -0.64555355, -0.03069046,
        -0.75990732,  0.20233233,  1.4834696 ,  0.28114907,  0.10408197,
         0.12387728,  0.38675065,  0.84780996,  0.45553379,  1.75196924,
         1.5209297 ,  0.20892624,  0.70503089, -0.58656895,  0.5820472 ,
        -0.71796177, -0.58380896, -0.36169653,  0.28677978, -0.83442888,
        -0.37795419,  0.50220305,  0.69906076, -0.17841891, -0.177489  ,
        -0.35631558, -0.14036637,  0.48374816,  0.470904  ,  0.32544448]]), array([1.28747409])]]
Dataset str(6)
Time elapsed in seconds
0.11292099952697754
[20, [array([[ 0.3369756 ,  0.40245559,  0.35250106, -0.72193002,  1.07351543,
        -0.64237474, -0.63333298,  0.44529258, -0.46574239, -0.30264263,
        -0.3123071 ,  0.97245523, -0.90877332, -0.07970316, -1.60865994,
        -0.40323899,  0.3796101 ,  0.00998909,  0.01669321, -0.16201006,
        -0.26034273, -0.588444  ,  0.74666459, -0.44923419,  0.70130027,
        -0.68416011,  0.06639874,  0.97233789, -0.4603522 ,  0.21249538,
         0.92022058, -0.38060542,  0.4689394 ,  1.01310099, -1.03675933,
         0.22152632, -1.48028776, -0.95676881, -0.07698982,  1.32184208,
        -0.13957045,  0.06127458,  0.14587819,  1.57073581,  0.53339652,
         0.11214372, -0.11062445,  1.96855986, -0.91048021,  0.65943726,
        -0.21582591,  0.28695851, -0.79766722,  1.09957931, -0.2392791 ,
         0.49315482, -0.34507483,  0.45260559,  0.467553  ,  0.46707364,
         0.26160703, -1.9501975 , -0.43141909,  1.64235571,  0.13076558,
         1.3683163 , -0.28978789, -0.05713314, -0.99690289, -0.08818187,
        -0.01149192,  1.45643115, -0.38814272,  1.25296364, -0.1876827 ,
         0.54868063, -0.0796903 ,  0.13002687,  1.13177302,  0.66347274,
         0.87448637, -0.18068981, -0.32101582, -0.33219409, -1.55235862]]), array([3.27892522])]]
Dataset str(7)
Time elapsed in seconds
0.1071772575378418
[20, [array([[ 0.56246774, -0.14302899,  0.16158751, -0.45444162, -0.42714962,
        -0.68030564,  0.15122286, -0.66514817, -0.28099251, -0.14790268,
         0.48492345,  1.58350011, -1.2444477 , -0.40476258, -1.15405301,
         1.28916159,  1.33552325, -0.15229974, -0.18333115, -0.63171315,
        -0.19561785, -1.2667201 ,  0.23403059,  0.35802357, -0.20682802,
        -0.00374588,  0.47377429,  0.71532078,  0.67985479, -0.24458962,
        -0.19761038,  1.40248315, -0.25272348,  0.45246076,  0.28159367,
        -0.08870274,  0.19024312, -0.1723448 ,  1.42076076,  0.36734931,
        -0.57154427, -0.90590324, -0.12159634, -0.75865214, -0.3041106 ,
         0.67424092, -0.69044099, -0.68925353, -0.98699757, -0.3327161 ,
        -0.54440662, -0.32823754, -0.39604145, -0.45753015, -0.39115724,
         0.95503596,  0.12604423, -0.91507937,  0.9733881 ,  0.52150484,
         0.4400621 , -0.53960098,  0.50638459,  0.14856971,  0.75401882,
         0.40582187,  0.32299678,  0.57527337,  0.04845975, -1.06176931,
        -0.81950421, -0.52753072, -0.39874959, -0.83520295,  0.73820558,
        -1.37227231,  0.40017778,  0.02208092,  0.27863036,  0.10095785,
         0.50113931,  0.47765248, -0.81921593, -0.18954758, -0.12989814]]), array([3.11268918])]]
