Dataset str(0)
Time elapsed in seconds
9.123166561126709
[22, [array([[-1.07331017e+00,  8.19798960e-01,  3.74439830e-01,
        -1.31864576e-01,  2.76419823e+00, -4.61568552e-01,
         3.05270541e-01, -2.42200961e-01, -3.53688496e-01,
        -6.04067295e-01, -1.56091580e-01,  1.13300885e+00,
         8.77596642e-01, -1.25470257e+00,  4.99469933e-02,
        -2.67146373e-01, -9.76704069e-01, -1.45399438e-01,
         2.18309169e+00, -3.80622602e-01,  1.00414281e+00,
        -9.25804101e-01, -7.86558314e-01, -3.80172897e-01,
         1.47636567e+00,  1.20383377e-01, -4.63919954e-02,
         4.71740697e-01,  5.94656168e-01, -3.20172352e-01,
        -7.91181642e-01, -1.13336419e+00, -1.15133375e+00,
        -4.46318865e-01,  6.94682633e-01,  6.98607739e-03,
         4.63600259e-01,  6.78662375e-01,  8.52796956e-01,
        -5.01921469e-01,  5.70110148e-01,  1.62504721e+00,
         8.35403693e-02,  5.35056649e-01, -1.01395814e+00,
         2.80513451e-01, -9.58578055e-01, -1.19569159e+00,
        -7.90334010e-01, -3.60654880e-01,  1.48653253e-01,
         3.27272428e-01, -8.51589523e-01, -1.71782147e+00,
         7.89897144e-01,  5.02581971e-01,  6.57703889e-01,
        -1.13845132e+00, -1.70815196e+00, -5.98881657e-01,
        -1.54311314e+00,  7.86358090e-01,  6.04551712e-01,
        -5.04233970e-02, -4.26281129e-01, -3.46391635e-01,
        -3.97336076e-01,  1.17204164e+00,  8.85094385e-01,
         8.10633643e-01,  1.09927853e+00,  7.58527630e-01,
         1.48127415e+00, -8.53375312e-01, -6.22695692e-01,
         8.85104520e-01,  4.10786462e-01,  1.01209783e-01,
        -1.02632703e+00,  4.61795779e-01,  7.05937239e-01,
        -3.47163088e+00,  5.24846975e-01,  1.10928482e+00,
        -8.32111028e-02, -9.79812757e-01, -1.78303166e-01,
         9.45698329e-01,  1.28326090e-02,  2.72485625e-02,
         4.43361778e-01,  5.47306471e-02,  3.46020290e-01,
        -7.30034429e-02, -4.01015071e-01, -1.00178854e+00,
         3.20910719e-01,  1.34284361e-01,  2.76080807e-02,
         3.81999560e-02,  6.05651953e-02, -1.10040556e-01,
        -6.52977366e-01,  2.10427716e-01,  1.08916800e+00,
        -1.76782049e-01,  1.23410367e+00, -8.48896408e-01,
         9.13471502e-01, -3.47595169e-01,  1.56269630e-01,
         1.85354190e-01, -5.07167280e-01, -3.29045495e-01,
         5.20211951e-01,  1.08826479e+00, -4.40740662e-01,
         8.21456468e-01, -1.81531136e-01,  5.36560339e-01,
        -1.56843675e+00, -1.08121468e-01,  8.56131310e-01,
        -5.26664611e-01, -3.72030110e-01, -1.01639855e+00,
        -1.78774549e-01,  5.59495001e-03, -1.45153831e+00,
        -7.66566144e-01, -8.08729851e-01, -1.31767116e+00,
         2.46318559e+00, -7.06776102e-01, -1.31245638e+00,
        -1.38176061e+00,  1.04280193e+00, -1.44389823e+00,
        -2.46423471e+00,  3.19739500e-01, -1.01463372e+00,
         5.44433668e-01,  7.63000338e-01,  3.58722307e-01,
        -1.70923341e-01, -6.81909253e-02,  1.21428916e+00,
        -5.25290219e-01,  4.60224412e-01,  7.71854328e-01,
         1.38015125e+00,  1.07393909e+00, -8.85834014e-01,
        -4.43207776e-01, -1.69120088e-01,  1.96571207e+00,
        -6.49652270e-01,  1.48570019e+00,  1.48171203e+00,
        -4.99010420e-01,  3.28558643e-01, -1.19136173e+00,
        -4.52093601e-01, -3.66291688e-01, -5.98175785e-01,
        -4.72765967e-01, -7.78725123e-01, -7.13799340e-01,
         2.01135016e-01,  2.39507891e+00,  5.08745860e-01,
         2.21843344e-01, -5.10798281e-01,  1.14053779e+00,
         8.60902090e-01,  8.71382753e-01, -8.55289106e-01,
        -9.61516841e-02, -1.36730510e+00, -2.42214262e-01,
        -1.13750772e+00, -2.70431122e-01,  1.15420717e+00,
         1.96062478e-01, -1.29546997e+00, -5.30926164e-01,
         2.65284400e-01, -5.03662076e-01, -1.23612530e+00,
         1.25290757e+00,  8.14706409e-01,  2.20355625e-01,
         1.25961958e+00,  3.49159394e-01,  1.13794988e-01,
         1.19233211e+00, -1.07243079e+00,  7.12546362e-01,
         3.07028678e-01, -4.49379361e-01,  6.13661903e-01,
         2.71391880e-02,  7.14298191e-01, -2.50329489e-02,
        -1.20004933e+00, -1.34346130e-01,  8.32107857e-01,
        -3.43979137e-01,  1.02522938e+00,  1.54691645e+00,
         2.33419177e-01,  7.60699986e-01, -1.40002333e+00,
        -9.14440446e-01,  5.31999491e-01, -8.88016417e-01,
        -1.29984208e+00, -9.69600091e-01,  1.34777538e+00,
         7.33464392e-01, -1.35290160e-01, -1.48264669e+00,
        -9.53150919e-02, -8.74286364e-01, -1.51389703e+00,
        -1.20788045e+00, -2.05914608e-01,  6.07350471e-01,
         1.96426826e-01,  9.84392338e-01,  4.52665065e-01,
         3.67084878e-01,  5.18178914e-01, -2.43968999e-01,
        -4.65105704e-02,  1.38797680e+00,  9.05682039e-01,
         6.63039019e-01, -8.13528211e-01,  2.55358133e-01,
         1.27241766e-01,  1.81300426e-01,  8.12600914e-01,
        -1.07850707e+00,  4.27284231e-01, -1.33105767e+00,
        -1.78880154e+00,  2.95439010e-01,  7.70046854e-01,
         4.32489211e-01, -1.39592651e+00,  6.60175676e-01,
        -5.23280547e-01,  6.52217304e-01, -3.17983195e-01,
         7.27884620e-01, -5.48975138e-01,  1.61639535e+00,
         9.65533558e-01,  1.18358027e+00, -1.35339411e+00,
        -2.60804694e-01,  7.57589297e-01, -1.05869698e-01,
        -8.02180051e-02, -2.82374579e-01, -3.05744759e-01,
        -8.48892090e-01, -4.18329394e-02,  1.89660761e+00,
         4.46864656e-01, -3.28070294e-02,  1.09508036e+00,
        -2.99393026e-03, -3.63990566e-01,  4.98533217e-01,
         2.55087443e-03, -5.02553194e-01,  1.35785034e+00,
        -4.98762318e-01,  4.00379577e-01, -4.06990580e-01,
         4.18068995e-01,  1.33093605e-01,  3.61908270e-01,
         6.49753815e-02, -2.15619975e+00, -6.45560254e-02,
         4.10757301e-01, -3.68674751e-01, -1.54279263e+00,
         8.93773824e-01,  2.77413806e-01,  4.64545267e-01,
         6.76784196e-01,  8.50536426e-01, -5.13382958e-01,
        -1.20741186e-02, -5.97912555e-01,  2.01712345e-01,
        -6.64947016e-01, -2.87164209e-01, -1.54939827e-01,
        -1.28323204e-01, -3.29671488e-01,  3.71581908e-01,
         1.02504166e+00,  1.74028267e+00,  5.21162440e-01,
        -8.99831915e-01, -9.50349694e-01, -5.80656572e-01,
         1.62316926e+00, -9.93929251e-01,  1.28140527e+00,
        -6.04841462e-01,  1.36704596e+00, -4.08720404e-01,
        -1.86631511e-01,  1.66559101e+00,  1.40041000e+00,
         7.93268085e-02, -7.69951422e-03, -4.43718012e-01,
        -9.03863084e-01,  3.50663135e-01, -2.29126632e-01,
        -5.11041879e-01, -2.64149154e-01, -4.24051798e-01,
        -2.13215426e+00, -1.45378524e+00, -6.77088205e-01,
         1.04761025e-01,  5.27063145e-02,  7.53320110e-01,
        -2.30663672e-01, -9.65757648e-02,  1.74956733e+00,
         9.25812222e-01,  9.86280799e-01,  1.28396805e-01,
         5.11381140e-01,  8.76740898e-01,  2.01874740e-01,
         4.79512148e-01, -3.37664812e-01,  5.17789591e-01,
         4.83028387e-01,  2.28100962e-01, -1.37237510e-02,
         8.73604567e-01,  8.64943096e-01, -2.57391373e+00,
        -2.74200367e-01, -1.72343771e+00,  6.51662024e-02,
        -1.06565655e+00,  2.19417576e-01,  1.59080587e-01,
         5.71067447e-01, -5.91832444e-02, -9.75148572e-01,
        -6.09703763e-01,  7.75699442e-01,  2.52500453e-02,
        -2.68237041e-01,  5.76637579e-01,  1.38637067e+00,
        -5.25726723e-01,  2.41403758e-01, -2.15631466e+00,
         6.96303043e-01, -8.60067716e-01, -3.32979236e-01,
         6.52053490e-01,  3.09910909e-02,  1.37093073e+00,
         6.35807741e-01, -2.45569515e-01,  1.09785486e+00,
         1.71860377e-01,  5.43113723e-01, -1.18400260e+00,
         1.41885793e-01,  9.20539435e-02,  9.45782534e-01,
         7.03145161e-01, -9.08009820e-01, -9.81762178e-01,
         9.69726075e-01,  8.50682754e-01, -1.53513908e-01,
        -1.89727843e+00,  1.65705534e+00,  6.54575763e-01,
        -8.15135399e-01, -3.64768427e-02, -7.79258997e-03,
         5.65463520e-01,  6.17213058e-01,  8.34580967e-01,
        -5.20352493e-03,  5.56216798e-01,  5.42518662e-02,
        -5.80533051e-01,  1.34711631e+00,  1.75414005e-01,
         2.65690184e-02,  9.77944556e-01, -5.05463085e-01,
        -1.96038457e+00,  1.25730641e-01,  7.09665068e-01,
         2.39257221e-01, -7.32137190e-01,  2.40704876e-01,
         1.57530056e+00,  2.58357056e-02, -1.71512108e+00,
         8.37452288e-02, -1.27098496e+00, -6.99656013e-01,
         3.28656055e-01,  6.79449006e-01,  1.05860987e-01,
        -1.36528595e+00,  2.19608564e-01, -6.78120823e-01,
        -4.76867441e-01,  2.89224396e-01,  1.26007592e-01,
         8.06669194e-01,  4.34599920e-01, -5.58511784e-01,
        -2.29335503e-01, -1.24695768e+00,  8.18679869e-01,
        -3.93811746e-01,  1.22842416e+00, -4.17102397e-01,
         5.42389668e-01, -8.98432976e-01,  2.06569361e+00,
         7.58740909e-01,  8.61408183e-02,  3.61320936e-01,
        -1.46209791e+00, -2.96466890e-01, -6.61734792e-01,
         1.91813569e+00,  8.34847927e-01, -8.46172214e-01,
        -6.68038711e-02,  6.11332079e-01, -6.18296252e-01,
        -1.01987068e+00,  1.77083104e+00,  3.91391469e-02,
        -1.53868963e+00, -8.81727802e-03,  3.82598339e-01,
        -1.37035798e+00, -4.71141361e-01, -2.10355887e-01,
         5.94627174e-01,  1.93397173e+00, -1.61972747e-01,
        -1.64712488e+00, -1.23936954e+00, -1.50830013e-01,
         2.56542539e-01,  1.33288674e+00,  5.47682714e-01,
        -1.12726865e-01,  1.56472386e+00,  8.62824334e-01,
         7.15693933e-01, -3.77246350e-02,  7.58313375e-01,
         1.28336645e+00,  1.04873742e+00, -7.60258319e-01,
        -1.04341480e+00, -6.63628535e-01, -1.13364987e+00,
        -9.45425442e-01]]), array([288.80835934])]]
Dataset str(1)
Time elapsed in seconds
1.7209715843200684
[22, [array([[ 2.86104505e-01,  3.22085943e-01,  2.12313875e-01,
         5.72923707e-01, -4.35184739e-01, -5.54542339e-02,
        -7.62790794e-01, -1.38136103e+00, -2.19299781e-02,
        -3.74467104e-01, -5.32226210e-01, -2.30653690e-01,
        -6.93682423e-01, -1.12249139e-01,  4.45745528e-02,
         6.94918592e-01,  7.00755417e-01,  3.64683394e-02,
        -1.98786880e-01, -8.31067998e-01,  4.07230356e-01,
        -2.27763371e-01,  3.50739403e-02,  3.41588991e-02,
        -5.17433753e-01, -1.05105913e-01, -5.01701233e-01,
        -8.35997863e-01, -2.41288315e-01,  5.95591345e-02,
         1.93536576e-01,  4.02997191e-01,  9.05399147e-01,
        -2.09937050e-01, -1.11002262e+00,  8.82910047e-01,
         1.44598304e-01,  4.00185660e-01, -2.23055462e-01,
        -4.71103407e-01, -6.10104324e-01,  2.35482900e-01,
        -5.21334278e-02,  1.58268367e-01,  1.08304818e-01,
        -5.08556502e-01,  3.47115103e-01, -7.10830049e-01,
        -1.29733533e+00,  9.31450239e-02, -3.09150695e-01,
         3.16722650e-01,  8.49635588e-01, -4.58412179e-01,
        -3.86319672e-01,  1.12395847e-02, -6.18232749e-01,
        -1.92772487e-01, -1.66176792e-01, -3.13664482e-01,
         7.18950809e-01,  5.43121737e-01, -1.04202334e-01,
        -6.21423505e-01,  3.62872655e-01,  1.50519866e-01,
        -1.44844432e-02,  1.12847028e+00,  4.42380402e-02,
         2.65436993e-01,  4.72575654e-01, -2.39737576e-01,
         1.02227030e+00,  1.03792598e-01,  5.00625180e-01,
         3.22789393e-01, -6.10461668e-01,  3.11926491e-01,
        -6.39480199e-01,  9.49827424e-01,  6.19336940e-01,
         5.71816380e-01,  3.06714512e-01,  2.94356016e-01,
        -1.22215387e-01, -5.80287127e-01,  4.01926673e-01,
         7.59438538e-01, -4.63579804e-01, -3.52946951e-01,
         5.31096956e-02, -3.33446524e-01, -6.58097137e-01,
        -6.53080518e-01,  3.42568834e-01, -8.99073179e-02,
         7.87893162e-01,  5.63295872e-01,  1.04746702e-01,
         3.50661179e-01,  2.55866231e-02, -3.58965392e-01,
        -3.73641555e-01, -1.82983030e-01, -1.34364322e-01,
         1.92758349e-01,  8.32778260e-01,  4.06895143e-01,
         1.37194948e-01, -1.34304391e-01,  4.83504573e-01,
         7.80088026e-02,  7.07555538e-04,  6.40587507e-01,
        -9.81441933e-01, -3.97263279e-01, -5.36119572e-02,
        -7.46807106e-02,  6.50556494e-01,  2.62891829e-01,
         1.04168520e+00,  7.44229881e-02,  7.54040262e-01,
        -3.55598492e-03, -6.99377589e-01, -6.80471274e-01,
         2.20046466e-01,  2.28567862e-01, -9.27494097e-01,
        -5.84370022e-01, -1.31492088e-01,  5.53935938e-01,
         1.86262184e-04,  1.21741247e-01, -9.44822706e-01,
        -6.26110219e-01,  6.67981809e-01, -3.36992955e-01,
         5.81545301e-01,  1.84121669e-02,  3.14844498e-01,
         2.01540032e-01,  8.48809992e-02,  9.43326382e-02,
         3.76771234e-01,  3.61700706e-01, -3.43836841e-04,
         2.04457576e-01, -4.86256171e-02, -3.25083228e-01,
        -1.89084153e-01,  2.83673603e-01, -1.50035178e-02,
        -2.50048477e-01,  3.09937872e-01,  1.29325222e-01,
        -1.99399292e-01, -4.33889299e-01, -5.30992480e-01,
        -5.44654695e-01, -3.06432342e-01,  5.46620911e-01,
        -9.31255661e-01, -7.78521986e-01,  2.53852652e-01,
        -3.69475712e-01, -5.15591640e-02, -4.19730535e-01,
        -9.91989377e-01, -3.25139127e-01,  1.07877426e+00,
        -3.56054399e-01, -1.06311686e-01, -1.43081562e-01,
         5.41274141e-01, -4.48259717e-01, -5.35771108e-01,
        -6.00905375e-01,  8.20400898e-02, -5.10763715e-01,
         1.90991704e-01,  6.09814157e-03,  5.05692484e-01,
         6.93983743e-01,  6.54638336e-02,  1.27962393e-01,
        -8.09483640e-01, -1.72341013e-01, -8.11282670e-01,
        -5.75634554e-01,  8.03063159e-01, -7.53293645e-01,
         3.99072640e-01,  2.33736413e-01, -6.80627178e-01,
         1.37728302e-01, -9.73490075e-01,  7.77948445e-01,
        -4.51819585e-02, -1.17347176e-01,  6.41508407e-01,
         3.14478362e-01,  1.58425299e-02, -6.25605958e-01,
        -6.53489500e-01, -2.20252334e-02, -9.91299519e-01,
        -7.86249284e-02,  2.20987006e-01,  1.46018052e+00,
         1.37689502e+00,  5.28634627e-01,  3.19315452e-01,
         1.32784058e+00,  9.89562018e-02, -5.91995533e-01,
        -2.71352719e-01,  5.49853651e-01,  2.48123575e-01,
         2.93811701e-01,  2.05620771e-02,  2.29862725e-01,
         1.01250773e-01, -5.02213046e-01, -7.51301331e-02,
         3.39360949e-01,  4.83807068e-01,  2.19441580e-01,
        -7.06714409e-01,  2.58264334e-01, -3.01984526e-01,
         2.70720819e-03, -3.84661008e-01, -3.87566509e-01,
         1.26721938e-01,  1.87802252e-01, -3.57633033e-01,
         1.41414572e-01,  5.02786386e-01, -2.58372831e-01,
        -6.64382670e-01, -9.70757974e-03,  3.50013490e-01,
        -4.40686732e-01,  1.93112899e+00,  4.97355223e-01,
        -1.84056071e-01,  3.59946461e-01, -1.29674226e+00,
         9.61865988e-02, -7.80532240e-02, -2.95347542e-01,
        -2.69219434e-01, -3.40780290e-01,  2.96606179e-01,
        -5.83595568e-01,  6.33848920e-01,  5.24193881e-02,
         5.39112736e-01, -4.78204686e-01, -1.03592670e-01,
         1.41930534e+00,  1.57358585e-01,  1.16997700e-02,
        -5.90523538e-01,  3.42100057e-01,  2.48787219e-02,
        -5.65622240e-01, -1.42238581e-01, -9.38385563e-01,
         4.02173221e-01,  4.28520063e-01,  1.08406586e+00,
         2.69627455e-01,  3.82440072e-01,  2.32646610e-01,
         3.54093283e-01,  7.56062941e-01, -1.98389124e-01,
        -6.09559676e-01, -5.38645934e-01, -5.86898533e-01,
        -4.52411682e-02, -1.85351900e-01, -1.28072463e-01,
         5.08004404e-01, -8.06745110e-01, -9.06323440e-03,
         5.64442994e-01, -1.03335847e+00,  4.98473912e-01,
        -3.46635990e-01,  6.82997519e-01,  7.13774029e-01,
        -1.00158708e+00,  7.43692356e-01,  9.91213855e-01,
        -2.80842373e-01,  1.08994211e-01,  2.19845495e-01,
         1.24277732e+00,  4.77235782e-01,  3.07211761e-01,
        -3.61064444e-01,  3.38902250e-01,  1.26499032e-01,
         5.80750813e-01,  5.19181083e-01, -1.89828713e-01,
        -1.07897965e-01,  5.76771420e-01,  7.54375205e-01,
         8.76770209e-03, -7.31264121e-01, -4.21255515e-01,
         3.84958239e-02,  1.21736109e-02, -1.89159065e-01,
         3.55981521e-01,  5.36360111e-01,  1.15840621e+00,
        -4.96298708e-02,  1.19138809e+00,  5.41725122e-02,
        -4.45209209e-01,  3.21932941e-01, -7.56024952e-01,
         2.28041861e-01, -1.86371189e-01, -3.82260519e-01,
        -2.28046414e-01, -5.88831322e-01, -3.32986142e-01,
         1.87281849e+00,  2.33049151e-01,  5.10707863e-02,
         2.33224990e-01,  4.28103186e-01,  2.80427094e-01,
        -6.67882500e-01, -4.68482671e-01, -3.56504964e-01,
        -2.71121494e-01,  6.17761154e-01,  6.07601759e-01,
         2.85631613e-01, -3.97368663e-01, -8.82926200e-01,
        -1.14562561e+00, -8.66003705e-01,  1.16148893e+00,
         2.36949216e-01, -2.87242289e-01,  2.47304040e-01,
         2.17019428e-01,  9.27993393e-01,  8.09462798e-01,
         1.39665465e+00,  4.85435178e-01, -4.33671355e-02,
        -8.90912897e-01, -5.96000898e-01, -1.84397837e-01,
         6.24037114e-01,  6.26317121e-01,  4.43622929e-01,
         8.86386979e-01, -1.68446192e-01,  5.81176443e-01,
        -4.98250636e-01, -1.07133946e+00, -4.13027888e-01,
        -6.30679424e-01,  5.75157837e-01,  1.42261344e+00,
        -2.65269290e-01, -9.70403380e-02,  1.98720624e-01,
        -8.14787560e-02, -2.35183731e-02, -1.30327736e-01,
        -2.72035160e-01,  2.60131833e-01, -1.57169636e+00,
        -1.06146623e+00,  6.45384309e-01, -8.29195687e-01,
        -1.46779529e-01, -2.45781376e-01, -4.88170848e-02,
        -6.78483399e-01, -2.97373508e-01, -3.03133346e-01,
        -5.60394467e-01, -7.07747605e-01,  3.99104616e-01,
        -4.56086393e-01,  9.10111087e-01,  1.74703490e-01,
         1.56969644e-02,  6.88642156e-01,  3.73979797e-01,
         1.65233095e-01, -9.61174491e-01, -3.10356767e-01,
        -2.09897416e+00,  4.19872058e-01, -3.63362174e-01,
        -2.52799362e-01, -3.26046029e-02,  3.34280643e-01,
        -1.40928300e-01, -3.57110469e-01, -5.17322101e-01,
         2.45485477e-01, -1.64603890e-01,  1.19653668e+00,
         1.92030305e-01, -2.08012375e-01, -3.83335772e-02,
         4.06156459e-01, -8.13961348e-01, -5.74792055e-01,
        -1.68918773e-01,  6.54547074e-01,  3.44221592e-01,
        -9.20765436e-01,  7.84138854e-02,  4.23439394e-01,
         1.09803226e+00, -3.45414967e-01, -3.75317655e-01,
        -5.73395277e-01, -5.50230404e-01,  8.41585999e-01,
        -9.76317900e-01, -2.60818837e-01,  2.29751256e-01,
        -3.41475191e-01,  1.14700397e-02, -7.11601464e-01,
         1.04466014e-01, -2.49725528e-01,  6.45088715e-01,
         3.55827883e-01, -6.92559597e-01, -5.87919660e-01,
         5.98394817e-01,  1.15341242e+00,  2.03580614e-01,
        -1.73585246e-01, -6.59332104e-02,  3.88869563e-01,
         1.82129258e-01, -6.79497387e-02,  5.22616373e-01,
         8.38271156e-01, -2.66009498e-01,  1.16088700e+00,
         2.89499734e-01, -9.26353885e-01, -4.96623678e-01,
         4.23208968e-01, -5.90317958e-01,  5.08209302e-01,
         4.56558866e-01,  4.07746202e-01,  5.36424626e-01,
         1.96251678e-01, -3.47290589e-01,  1.34551634e-01,
        -6.28508985e-01, -7.31803508e-01, -9.68606672e-01,
         1.60531525e-01,  5.53326674e-01,  2.61380985e-01,
        -4.66884749e-01,  4.23927189e-02, -4.22864914e-02,
         1.60620804e-01,  1.10427072e+00,  1.20685132e-01,
        -5.12614819e-01,  3.70002829e-01, -2.92490589e-01,
        -2.58236423e-01]]), array([82.44934497])]]
Dataset str(2)
Time elapsed in seconds
1.1253314018249512
[22, [array([[-6.12464380e-01,  5.34671633e-01,  8.45281457e-01,
         6.19936183e-01, -6.01559383e-01, -9.48259859e-02,
        -6.13460231e-01, -1.03175060e-01, -6.73156901e-01,
        -7.00757771e-01, -9.36130215e-01,  1.77612020e+00,
         6.55163768e-01,  3.98609470e-01,  1.28457132e+00,
        -3.73394945e-02, -5.40210402e-01,  7.80865346e-01,
         2.91458938e-01,  2.09907143e-02,  1.01599780e+00,
        -1.09387639e-01, -1.49976968e+00, -2.65184961e-01,
         1.30363736e-02, -5.24818434e-01,  7.40991362e-01,
         6.15251452e-02, -1.12996206e+00, -8.19050623e-02,
         8.92162009e-02, -5.46466376e-01,  6.32618513e-01,
        -3.44692857e-01,  6.04647772e-01,  3.12542920e-01,
         1.23932839e+00,  7.32609999e-02, -1.08101130e+00,
         7.25850197e-01, -3.34826415e-01,  4.75193661e-01,
        -5.30972665e-01, -8.16251592e-01, -1.29743209e+00,
        -5.35830221e-01, -1.00335193e+00,  9.39876550e-01,
         5.71817094e-01, -4.15654605e-01,  5.49964794e-01,
        -5.34366147e-01,  3.03368850e-01,  7.73321285e-01,
         1.13676048e+00,  1.71729432e-01, -3.05716542e-01,
         1.56762972e+00, -6.96151671e-01, -5.25189383e-01,
         1.32061735e-02,  7.16833795e-01, -7.89456228e-01,
        -5.13160280e-01, -3.19090025e-01, -2.89166875e-01,
        -3.32038262e-02, -1.48237317e-01,  1.19524747e-01,
        -4.54876586e-02,  4.15245935e-01, -1.39060433e+00,
        -6.55033968e-01,  7.95956077e-01,  2.93384198e-01,
         1.76386771e-01,  1.69906545e-01, -1.11752844e+00,
         8.88020178e-01, -9.56728225e-01,  4.80201138e-01,
         2.43536215e-01, -1.27334532e+00, -4.54267224e-01,
        -7.64542833e-01,  7.05622417e-01, -5.59772153e-02,
         2.36776850e-01,  5.76387842e-01, -4.29449426e-01,
        -5.34242241e-02, -2.84624256e-01,  1.16319446e+00,
        -4.38518291e-01,  1.02297117e+00,  1.54100521e-01,
         5.13463439e-02,  1.94230955e-02, -1.57455966e-03,
        -5.47080022e-01,  9.08065718e-01,  6.11253420e-01,
         4.01830492e-01,  3.86525289e-01,  4.70540486e-01,
         1.10736878e+00, -1.03597843e+00, -8.02182336e-01,
         2.67096861e-01,  8.79101599e-01, -8.97052599e-01,
        -3.80417167e-02,  4.70350484e-02, -7.78616486e-01,
         2.17321703e-01,  6.65019023e-01, -9.39526850e-01,
        -1.49224564e-01, -2.02848149e+00,  6.26782112e-01,
         2.10283138e-01, -1.26441784e-01,  3.76063822e-01,
        -4.67147452e-01,  1.04182927e+00, -5.61541593e-01,
         1.27573754e-01, -2.45180579e-01, -9.99195950e-02,
         8.18718490e-01,  5.80123940e-01,  8.61527425e-01,
        -2.44903299e-01, -5.29273870e-01,  3.39361460e-02,
        -1.21958164e-01,  4.40703273e-02, -4.85985509e-01,
         2.74421596e-01,  3.88485367e-01, -1.34797710e-01,
        -3.78427701e-01, -2.50176268e-01,  6.89943659e-02,
        -3.45000678e-02, -1.98863075e+00,  9.10614521e-01,
        -1.21286648e-01,  9.65074202e-02, -7.98386636e-01,
        -2.16989139e-01,  2.95241674e-01,  2.86228981e-01,
        -4.21009973e-01, -5.39205882e-01,  2.26682067e-01,
         4.77436539e-02,  3.72123170e-01,  3.61037052e-01,
         5.65197567e-01,  5.03587659e-01, -7.60019692e-01,
         6.86331165e-01,  1.39216623e+00,  7.71584489e-01,
         4.98189315e-01, -2.52431230e-01,  4.74530949e-01,
        -3.08873940e-01,  1.99208908e-01, -8.93282107e-01,
         5.22737911e-01, -5.35280438e-01,  8.97509250e-01,
         9.45710936e-01,  1.30539262e-01, -3.64765544e-01,
        -1.66263846e-01,  5.43676009e-01, -1.14661096e+00,
        -8.68379829e-03, -9.35826259e-01, -6.18598352e-01,
         7.27484737e-01,  7.50150344e-01,  8.57650822e-01,
        -6.77129864e-01,  3.43244759e-01,  3.18320917e-01,
         2.06696406e-01,  3.38047363e-01, -3.99083695e-01,
        -6.66005539e-01, -1.32767035e+00,  9.88822611e-02,
         4.12181978e-02,  5.45131763e-01,  6.84742157e-01,
         2.20816365e-01, -7.80818081e-01, -6.72108281e-01,
         4.19475665e-01, -1.73348661e+00,  8.11783757e-01,
         6.15174914e-01, -3.83043142e-02, -5.92469295e-01,
        -1.78017529e-01,  8.02648165e-01,  8.79396750e-01,
        -6.37261930e-02,  1.63042029e+00, -5.45999554e-02,
        -1.35008620e-01,  3.29930034e-01,  5.17229274e-01,
         5.02015633e-01, -4.03476757e-01,  9.76923041e-01,
         1.41955850e-01,  8.33831760e-02, -6.41512995e-01,
         4.55709426e-01, -1.28878720e+00,  8.57357481e-01,
        -8.14174023e-01, -3.37656312e-01, -5.69753633e-01,
         1.25644662e+00,  5.16316358e-01, -1.64174542e-01,
         1.01667900e+00,  5.24622917e-01,  1.12671733e+00,
        -3.97976212e-01,  3.37170650e-01,  3.66063201e-01,
         6.29881761e-01,  2.75488726e-01,  5.34351301e-01,
        -1.23890021e+00, -7.94613457e-02, -1.24321028e+00,
         1.90425629e-01, -1.27629607e-01,  9.39090898e-01,
        -7.77364107e-01, -2.06563288e-01,  8.94349701e-01,
        -3.53652626e-02, -4.82157679e-01,  7.15810402e-01,
         4.58093609e-01,  1.48053872e+00,  7.36567000e-01,
        -3.25013759e-01, -8.44178664e-01, -1.82916749e-01,
        -9.38635345e-01,  1.23201887e+00,  8.87038641e-01,
        -8.70149549e-02, -3.56517709e-02,  7.13774938e-01,
         2.48984992e-02, -1.01704733e+00,  6.53354749e-02,
         7.28543869e-01, -1.65713468e+00,  9.61654947e-01,
         9.96464292e-01, -9.37278123e-01, -3.30926822e-02,
        -5.49189873e-01, -1.00809074e+00,  1.01456593e+00,
        -3.92508227e-02,  4.53299959e-02, -6.14883387e-01,
        -1.04709961e+00,  3.29566894e-01, -8.20240791e-01,
         4.77224229e-02,  4.90155749e-01, -1.29363627e+00,
        -7.37607221e-02, -5.43852751e-01,  2.54085537e-01,
         6.10855561e-01,  4.90195583e-01,  4.04964351e-01,
        -3.35584371e-01,  2.53129384e-01,  4.32962617e-01,
        -1.52373248e-01,  2.41353962e-01, -6.36336728e-01,
         6.48383472e-01, -7.59711085e-01,  6.14866021e-02,
         9.05266520e-02,  4.12052020e-01,  5.26127215e-01,
         2.89305456e-01, -2.13314245e+00, -2.81225218e-01,
        -1.29378030e+00,  5.12217482e-01,  7.43806800e-01,
         1.58067814e+00, -4.37685983e-01, -1.47646204e+00,
         4.60275511e-02,  9.46548904e-01, -4.92598509e-02,
        -8.17834633e-01,  4.43915805e-01, -2.83823630e-01,
         5.39108324e-01,  1.30266388e-01,  1.12254216e+00,
         6.21404240e-01,  2.97939935e-01,  2.27493717e-01,
        -1.87884649e+00,  6.65479465e-01,  1.16337824e-01,
        -2.43470859e-01,  1.07369005e+00, -1.40771626e+00,
        -6.09410746e-02, -3.10674835e-02,  3.39612585e-01,
        -3.01400605e-01, -4.55946948e-02,  8.53153154e-01,
         4.69999427e-01,  2.48317548e-01, -3.20537587e-01,
        -3.05053913e-01,  1.45164783e-01,  1.93738205e-01,
        -1.23255478e+00,  4.71633267e-01,  8.71262261e-01,
         8.56687092e-01, -1.13303546e+00,  1.59767051e-01,
         1.00949110e-01,  7.15210286e-01, -1.32407694e-01,
         4.65015305e-01,  8.75590313e-01,  6.52790201e-01,
        -7.86188208e-01, -2.29459309e-01, -6.40234936e-01,
        -6.51019173e-01, -2.25783637e-01,  5.97175476e-01,
        -9.68599243e-01, -5.29341524e-01,  2.43943098e-01,
        -8.05473557e-01,  3.24540686e-01,  2.28933633e-01,
        -5.64802274e-01, -2.12353745e-01, -3.70533956e-01,
         2.15813063e-01,  8.63464095e-02, -7.64086772e-02,
        -7.19427177e-01, -6.84304592e-01,  3.74200243e-01,
         1.02836550e+00,  1.14326034e+00, -2.84769922e-01,
         1.44860346e-01, -7.22081311e-01, -3.44765159e-02,
        -6.13866196e-03,  6.24612491e-01, -1.72307240e-01,
        -3.06632045e-01, -1.25261028e+00, -4.56614925e-01,
        -1.06178331e+00, -1.02416000e-01, -1.63215619e+00,
        -1.95525994e-01,  2.78567799e-01, -4.51928014e-01,
        -3.04547184e-01,  1.40445451e-01, -5.02355049e-01,
        -3.85684301e-01, -1.38852411e+00, -4.80011767e-01,
        -1.42193505e+00,  1.06992854e+00, -1.07199337e+00,
        -5.10247483e-01,  1.38651177e+00,  6.83087375e-01,
        -1.26282615e-01,  4.07812219e-02, -4.22026505e-01,
        -2.38224175e-01,  1.13862395e+00,  4.76420838e-01,
         1.53287021e-01,  1.23231748e+00, -9.53814645e-01,
        -8.21406526e-01, -8.38900896e-01,  2.91356639e-01,
        -5.05997508e-01,  6.40236033e-01, -9.65881187e-01,
        -3.80440075e-01, -4.27552052e-01,  3.63707325e-02,
        -1.92171537e-01,  3.95195007e-01,  1.00389055e-01,
        -5.02590705e-01, -5.16541604e-01,  1.71455483e-01,
        -5.26661609e-01, -4.47890979e-01,  1.09991554e+00,
        -5.90712051e-01, -2.14694102e-01,  1.03538926e-01,
         1.50037159e-01, -3.79132921e-01, -3.71449445e-01,
        -7.10952168e-02, -1.51038178e+00,  8.70536155e-01,
         2.57708172e-01, -1.51810649e+00,  1.90072947e-01,
         3.72906621e-01, -4.60803827e-01,  5.76293512e-01,
        -8.96882622e-01, -1.81023753e-01, -5.14481175e-01,
         2.82696128e-01, -1.17390278e+00, -8.45894200e-01,
        -1.32206778e-01, -1.45120659e-02, -1.88496433e-01,
        -2.02579110e-01, -3.87054088e-01,  1.52078014e+00,
        -7.63914578e-01,  4.88626084e-01,  4.35163018e-01,
        -1.12066690e+00, -1.06326568e-01,  2.70742393e-01,
        -5.54403892e-02, -3.31348644e-01,  3.72984894e-01,
         1.36884255e+00, -1.24762327e+00,  4.36958876e-01,
         3.79238363e-01,  7.39095089e-01, -6.23729658e-01,
        -1.30078998e+00, -7.30828508e-01,  1.30773594e+00,
        -7.09106665e-01, -2.46335721e-01,  4.01965079e-01,
         6.57487444e-01,  6.29221879e-01,  6.34249348e-01,
         5.14912720e-01, -2.51013556e-01, -4.66378893e-01,
        -1.09378243e-01]]), array([247.35006449])]]
Dataset str(3)
Time elapsed in seconds
1.0902912616729736
[22, [array([[ 1.65071377e+00, -5.49433452e-01, -3.46908398e-02,
        -1.18170498e+00, -1.43285762e-01,  5.53087050e-01,
        -1.29820659e+00, -1.30288368e+00,  8.90370149e-02,
         8.30665663e-01, -1.84764714e-01, -6.83233911e-01,
        -1.24917723e+00, -2.40495814e-01,  1.03320954e+00,
        -1.02193873e+00, -3.15367948e-01,  1.36291362e+00,
         2.04022404e-01, -7.37493199e-01,  3.00227057e-01,
         6.38630147e-01,  1.38133002e+00,  7.51246428e-01,
        -3.14687123e-01, -1.87565393e+00, -9.52439162e-01,
         3.87903265e-01,  6.48839064e-01, -6.65734973e-01,
        -1.78452171e+00, -5.68848098e-01, -2.34520653e+00,
         7.21939880e-01, -4.17509678e-01,  1.46501749e+00,
         8.44479024e-01, -7.00046369e-01,  1.24088198e+00,
         1.11307698e+00,  8.56136924e-03, -6.12158651e-01,
        -9.36196251e-01,  2.27078371e-01,  2.92923925e-01,
         1.78658263e+00, -1.82524238e-01, -7.61399543e-01,
         1.44979084e+00,  2.56128049e-01,  1.04286582e+00,
         2.43361292e-01,  2.10675128e+00,  1.91754150e-01,
        -5.88459532e-02, -1.28789990e+00,  1.19697636e-01,
         1.10440546e-02,  1.74911982e+00, -9.91206769e-01,
        -5.45290362e-01, -2.67529600e-01, -3.61911731e-01,
        -1.46732987e+00, -2.34979465e-01, -4.38733790e-01,
         1.12949007e+00,  1.06925434e+00, -4.66845406e-01,
        -9.42541910e-01,  3.91059501e-01, -1.08818316e-01,
         1.38065897e+00,  9.28354111e-02, -6.24461923e-01,
         7.62068810e-01,  9.36047055e-01,  2.03878229e-01,
         4.35534644e-01, -8.26177271e-02, -9.77885895e-02,
         9.10409007e-01,  3.01266250e-02,  9.75020475e-02,
        -6.91359536e-01, -6.07926103e-01,  3.08359936e-02,
        -6.74571639e-02, -8.78565920e-01, -4.19390878e-01,
         6.00681915e-01, -4.71878114e-01, -2.66021461e-01,
         3.85217433e-01, -1.50715726e+00, -2.63306843e-01,
         1.39631634e-03, -1.01775168e+00,  5.02817555e-01,
         2.95228928e-02, -8.55611885e-01, -4.30165806e-01,
        -7.36659314e-01, -9.73186546e-02,  4.13332872e-01,
         2.99327926e-01, -2.00704016e+00, -3.28786113e-01,
         2.03871216e-01, -1.87543693e+00,  5.65662530e-01,
         7.07771449e-01, -4.44184985e-01,  9.17811995e-01,
         1.00720430e+00, -3.94954414e-01, -6.38256078e-01,
         4.53870120e-01, -3.52620325e-01,  1.46180372e+00,
        -1.46177686e-01,  5.67243632e-02, -5.90025118e-02,
         2.68550410e-01, -9.92859109e-01,  2.31499910e-01,
         5.86199350e-01, -1.06058079e+00,  4.02386060e-01,
        -9.27752045e-01,  1.14970860e+00, -3.58342421e-01,
         5.31052811e-01,  8.48569884e-01,  1.98726560e-01,
        -8.58616628e-01, -3.07965318e-01, -8.33189383e-02,
        -7.17266243e-01, -1.52882698e+00,  8.75100943e-01,
         2.01436677e-01,  5.56604132e-01, -3.30326398e-02,
        -1.12656393e+00, -5.59559295e-02,  1.75730692e-01,
        -1.57210474e+00, -2.98666143e-01,  9.41474610e-01,
         4.07214599e-01, -1.20358330e+00, -5.51098117e-01,
         2.53752075e-01, -4.02267696e-01,  1.12555387e+00,
         1.65769861e+00, -1.92751315e+00, -1.16492560e+00,
        -2.73838456e+00,  1.81201997e+00, -1.44233127e+00,
        -1.26200704e+00, -6.66922728e-01,  1.14984229e+00,
        -1.52810879e+00,  8.92560301e-01, -9.61224519e-01,
         2.33734735e-01,  1.14706496e+00, -1.70695486e+00,
        -1.94882939e-02, -1.04852590e+00, -6.50922037e-01,
        -2.62784364e-02,  4.90547189e-01, -1.76497896e+00,
        -7.82781432e-01, -1.91700052e-01,  1.17003529e+00,
        -1.83600530e-01, -1.32132809e+00, -1.15256332e+00,
        -5.58606672e-01, -3.03959038e-01, -4.89339527e-02,
        -7.80144447e-01,  7.69251269e-01, -7.32892354e-02,
         1.12413786e+00, -2.92742931e-01, -1.54599961e+00,
        -2.83919716e-01, -7.83997584e-01, -3.64056859e-01,
         5.22063471e-01,  4.87967135e-01,  6.19451154e-01,
        -8.32053130e-01,  4.82961785e-01, -3.78363499e-01,
         6.39655030e-01,  1.22448615e+00, -1.54412657e+00,
        -9.94142024e-01,  1.43809505e-01,  2.42691359e-01,
         1.66810639e+00, -4.32304785e-01,  5.93293636e-01,
         4.98362635e-01,  8.62406602e-01, -2.67304333e-01,
         4.94455898e-02,  1.39272658e-01, -3.76018173e-01,
         1.10434127e+00, -5.19447454e-01,  4.42107325e-02,
        -4.72449799e-01,  2.44534811e-01,  3.49688021e-01,
        -7.62428497e-01, -1.43034126e-01, -7.96613242e-01,
         2.74534737e-01, -6.09367294e-02,  2.66296706e-01,
         1.36491103e+00,  9.47155012e-01,  1.47991710e+00,
        -1.06016784e+00,  2.04482011e-01, -1.06943372e-02,
        -1.98267299e-01,  3.27392284e-01, -1.44576351e+00,
         3.64997942e-01, -1.67202006e-01,  1.46883660e-01,
        -1.51129560e-01,  1.12537184e+00,  1.61858413e+00,
         5.51668149e-01,  1.15323564e+00,  6.70060785e-02,
        -5.75078246e-01, -4.16086683e-01, -1.71473737e+00,
         4.30868262e-01,  6.96283804e-01, -4.00327675e-01,
        -9.43238002e-01, -6.14478634e-01, -6.46044323e-01,
         2.52867555e+00,  5.59336930e-01,  1.37436313e+00,
         5.32683325e-01,  5.25178156e-01,  1.82589799e+00,
         7.68249292e-01,  1.56782283e-02, -1.26240084e+00,
        -1.69770281e+00, -8.57464299e-01, -6.74450332e-01,
        -4.44623735e-01,  1.04537418e+00,  1.24816254e+00,
         5.53323858e-01,  5.27384879e-01,  1.99643876e+00,
        -4.29404810e-01,  3.05311840e-01, -1.19568231e+00,
        -9.45588140e-01,  3.73033824e-01,  4.94527875e-01,
         6.96501048e-01,  7.49485484e-01,  8.78517361e-01,
         1.38300148e-01, -1.82096930e+00, -1.66026633e+00,
        -8.41625263e-02,  6.94140265e-01,  3.81345351e-01,
         3.09615063e-01,  1.14127417e+00,  1.24370176e+00,
         4.51464103e-01, -7.53884601e-01, -4.06939602e-01,
         6.30224631e-01,  6.68227525e-03,  7.63220768e-02,
        -5.22214487e-01,  1.02646005e+00, -2.33915181e-01,
         6.63759737e-01, -2.18599770e+00, -1.48453987e+00,
         1.08448914e+00,  5.44135994e-01, -1.45878648e-01,
        -9.49575114e-01,  5.33657906e-01,  1.07995312e+00,
         1.13060814e+00,  2.55610800e-01,  7.38501089e-01,
        -6.62952087e-01, -6.88744893e-01, -7.61901932e-01,
        -1.08800576e+00, -3.77772916e-01, -4.58674976e-02,
        -2.24121460e-03, -1.67354873e-01, -5.51438540e-01,
        -1.59742319e+00, -1.65908640e-01,  4.20324922e-01,
        -3.95529263e-01,  1.18935800e+00, -7.24301277e-01,
         1.33238301e+00,  4.00961943e-01, -4.86368482e-02,
        -1.49424862e-01, -1.16210666e+00,  1.87640770e+00,
        -5.17096912e-02, -5.89798890e-01,  1.09234402e+00,
         1.05320471e-01, -9.49989628e-01,  1.69165006e+00,
        -1.94245036e+00, -9.54286824e-01,  2.78859344e+00,
        -1.56044532e-01, -9.64477279e-01,  4.70155951e-01,
        -9.69650512e-01,  8.77809625e-01, -3.99258724e-01,
        -1.53713611e+00, -7.00676855e-02,  4.92227214e-01,
        -1.32751143e+00,  6.06957858e-01,  2.89995724e-01,
        -6.56071988e-01, -1.65799753e-01,  7.32432706e-01,
         1.13708293e-01,  3.44546636e-01, -5.03117192e-01,
        -4.73927513e-01, -1.07332475e+00, -6.41422028e-01,
        -1.74454016e-01, -8.16511311e-02,  1.04424913e+00,
        -6.64461295e-01, -1.73252923e+00, -9.20760928e-01,
         6.63205516e-01, -3.84553844e-01,  2.03552318e-01,
        -9.11327721e-01,  1.87991148e+00, -1.59177933e+00,
        -4.60424668e-01,  2.78689221e-01, -1.91077795e-01,
        -5.75203426e-01, -7.33524522e-01,  3.03782868e-01,
        -8.24939678e-01, -1.39286729e+00, -9.76571619e-01,
        -8.69510443e-01,  1.52522605e+00,  9.75691384e-01,
         3.04264393e+00,  9.98962341e-01, -1.14062878e+00,
        -6.77526607e-03,  1.38331083e+00,  4.53979139e-01,
         1.65891429e-01, -6.83538667e-01, -1.61601427e+00,
         3.40193437e-01,  7.60652876e-01,  7.94801133e-01,
        -3.51209763e-01,  1.07934192e-01, -1.25068295e+00,
        -4.70731411e-01, -3.05476166e-01,  6.93625276e-01,
         1.71091148e+00, -8.78647367e-01, -4.09351542e-01,
        -8.69444917e-01,  2.91126962e-01, -1.36770288e+00,
        -5.71100510e-01, -9.62454181e-01, -4.81664000e-01,
        -3.96407441e-01,  3.52603441e-01,  2.67627700e-01,
         9.28798210e-01, -7.93624413e-01, -1.06141936e+00,
         6.41278837e-01, -2.09959403e-01, -5.09817026e-01,
         9.82880805e-01,  6.39389075e-01,  8.02367272e-01,
        -3.61580938e-01, -8.98226576e-01,  9.79332747e-01,
         2.99622419e-01,  6.46429772e-01, -3.57393840e-01,
         4.06003423e-01,  1.07426971e+00, -3.18974228e-01,
         2.04463206e-01,  4.38344153e-01,  1.73412795e+00,
        -2.86930896e-01, -1.06275346e+00, -7.34509755e-01,
         1.35361646e+00,  7.56455620e-01,  8.92852739e-01,
         9.46930857e-03, -6.76108801e-01, -1.17403768e+00,
         7.56567535e-01, -3.12646597e-01,  1.98601483e+00,
        -1.74454166e+00, -3.38590866e-03, -3.52100967e-01,
        -9.81024582e-02,  2.87232622e-01,  1.75990142e+00,
        -5.61010909e-01,  1.57849917e+00, -5.18792316e-01,
         7.60355029e-01, -9.03624496e-01, -5.48334654e-01,
         6.14420793e-01, -3.79107471e-01,  1.47207680e+00,
        -7.56844929e-01,  6.35358466e-01, -3.48410557e-02,
        -1.38615174e+00, -2.08056475e-01, -3.60634202e-01,
         1.42009271e+00, -7.31252647e-01, -2.01936383e+00,
        -1.11728002e+00,  2.36047251e-01, -5.46862611e-01,
        -2.87133936e-01,  8.58856483e-01,  1.05703889e+00,
         1.18373016e+00,  3.09236130e-01,  1.71584024e+00,
         4.62572457e-01,  8.46021674e-01,  8.36226577e-01,
         2.47959132e-01]]), array([173.23321922])]]
Dataset str(4)
Time elapsed in seconds
0.8509256839752197
[22, [array([[ 5.83218390e-03, -4.42389727e-01, -1.34683794e+00,
        -1.05187228e-02,  4.05343996e-01, -6.52647879e-01,
        -1.62797310e+00,  8.48195321e-01,  4.88129603e-01,
        -8.35252342e-01,  5.62905096e-01,  9.19742542e-01,
        -5.49136943e-01, -5.94870757e-02, -6.28391169e-01,
        -2.38474770e-01, -1.96895379e-01,  4.89140992e-01,
        -8.40232019e-02, -3.64284644e-01,  2.11386538e-01,
        -1.73496615e-01, -5.90198008e-01,  1.15935028e+00,
        -1.47757241e-01,  1.54886083e-01, -4.33636118e-01,
        -2.00449022e-01, -3.38282936e-01,  2.93800050e-01,
        -2.92414754e-01, -8.95472811e-01, -1.87469033e-01,
        -8.41613734e-01, -3.35488837e-01, -1.02814170e-01,
         6.84419941e-01,  1.18165001e-01,  4.90657464e-01,
         3.18998855e-01, -5.68693226e-02,  1.46207383e-01,
        -3.09686493e-01,  6.40012252e-01,  3.84054762e-01,
         7.54064849e-01,  8.54601429e-01, -7.25509658e-01,
         1.00018511e+00,  2.33989475e-01, -1.62297932e-01,
         2.14502626e-02, -1.98657139e-01, -7.28218493e-01,
         5.54908481e-01,  1.77088103e+00,  9.34984795e-02,
         1.31764390e-01, -3.05658184e-02,  2.43034333e-01,
        -1.84360240e-01,  2.62491960e-01, -3.16649172e-02,
         6.69118024e-01,  3.82034945e-01,  8.34031571e-01,
        -6.82150080e-01,  5.20091145e-01,  6.67308559e-01,
         8.67998117e-01,  1.93912389e-01,  1.21776931e+00,
        -1.99547081e-01, -6.48257854e-01,  1.00080901e+00,
        -7.57086150e-01,  1.77784743e+00, -1.61172474e-01,
        -5.84962444e-01, -2.77360976e-01, -3.99117279e-02,
        -1.11047094e-01, -3.49829663e-01, -4.37379119e-01,
        -5.69976897e-02, -3.36191201e-02, -9.25111379e-01,
        -1.67142644e-01, -5.59953497e-01,  4.92694934e-01,
         4.07719517e-01,  1.13795992e-02,  1.53466318e-01,
         5.71919152e-01, -6.85726570e-02,  6.24168219e-01,
        -9.51853759e-01,  6.68895480e-01, -8.20835348e-01,
         3.29430789e-01, -1.79101628e-01, -7.24693882e-01,
         5.33742130e-01,  3.91674654e-01, -1.40459371e-02,
         5.79671608e-01,  1.98008280e-01, -4.25305576e-01,
         1.26811627e-01,  2.75379959e-01, -1.63329574e-01,
         4.83760044e-01, -2.28247653e-02,  7.97228128e-02,
         2.32990316e-01,  1.10605132e-01, -9.65328405e-01,
        -8.50360614e-01,  2.82848998e-02, -5.40266572e-01,
        -4.27387812e-02,  6.74409008e-01,  2.85432747e-01,
        -8.57574787e-02, -8.37393700e-01,  8.76382306e-02,
         3.16505336e-04, -1.56386467e-01, -2.33970576e-01,
         7.46192932e-01,  2.15947015e-01, -3.85301115e-01,
        -5.42987118e-01, -1.14751918e+00,  6.07407820e-01,
         6.36268653e-02,  5.57180554e-01,  7.08912450e-01,
        -8.30904052e-02, -3.78672479e-01, -3.20475527e-01,
         9.39945849e-01,  4.20553958e-01,  8.58670630e-01,
         8.11925759e-01,  2.89599854e-01, -1.50822736e-01,
         5.42561990e-01, -6.29879175e-01,  8.43622279e-01,
         1.48456198e-01, -1.40374498e+00,  4.10387443e-01,
        -1.78151667e+00,  1.23433821e+00,  7.38307041e-01,
        -8.53982306e-02, -4.29138172e-01, -9.88799807e-02,
         6.75922765e-01, -1.28986628e+00, -8.52074172e-01,
        -2.69432213e-01,  4.94804568e-01, -5.79959033e-01,
        -3.02440423e-01, -3.48184991e-02, -7.64990729e-01,
        -3.50798816e-01,  6.52699484e-01,  1.27281677e+00,
        -1.33017296e-01, -1.04285460e+00,  1.02812552e+00,
         1.97979913e-01, -4.38306837e-01,  9.01490917e-02,
         1.20517909e+00,  1.45029692e-02,  1.25920149e+00,
         6.25630113e-02,  2.02686195e-01, -9.78567247e-01,
         1.92055246e-01, -1.76216390e-01, -6.71890740e-01,
         1.09794747e+00,  5.90465462e-01, -7.22481108e-01,
         6.17221519e-01,  4.40185467e-02,  4.98655466e-01,
        -4.93904534e-01, -1.23955178e+00,  7.71545847e-01,
         4.67861048e-01,  1.21693379e+00, -5.07533463e-01,
         4.35185924e-01,  8.32506160e-02, -1.50943110e-01,
         6.10767432e-01,  3.89697655e-01, -6.25823277e-01,
        -8.09471085e-01,  4.46410206e-01,  7.64420429e-01,
         3.60549459e-01,  2.35801625e-01, -9.53050426e-01,
         9.32802636e-01,  7.02659359e-01,  5.80810957e-01,
        -2.26181453e-01, -6.18514407e-01,  2.94365672e-01,
        -6.12715743e-01, -5.79322889e-01,  6.56824146e-01,
        -3.97227794e-01, -8.28703824e-02,  1.01440946e-02,
        -1.21970032e-01, -5.39797874e-02, -1.13694326e+00,
         1.32432462e+00, -1.03261344e-01,  6.06125820e-01,
        -4.85248873e-02,  7.42394546e-01, -7.14432321e-01,
         4.30899572e-01, -9.32790420e-01,  6.94054724e-02,
        -1.10917145e-01, -3.86895842e-01, -7.06294407e-01,
        -1.49167699e-01, -2.19963742e-01,  9.95467652e-02,
         3.35259798e-01, -2.15316056e-01,  4.80587057e-01,
        -1.04321705e+00,  5.08139335e-01,  1.67129337e-01,
        -4.65337169e-01, -9.68680798e-02, -1.49442968e+00,
         6.30605730e-01, -9.33014683e-02,  9.46783861e-02,
         7.42076352e-01, -1.33178497e-01, -3.11247908e-01,
        -2.22677500e-01, -9.02811710e-01,  5.04408848e-01,
         1.86343335e-01, -1.02948419e+00, -1.48272480e+00,
         8.35732821e-02, -9.64440063e-02, -1.69251184e-01,
         1.33116989e-01, -7.93549356e-01, -1.17031734e-01,
         1.18370734e+00, -1.24215748e-01,  1.04111975e+00,
        -4.62922129e-01,  2.01533728e-01, -2.37457536e+00,
        -9.85035082e-01,  3.25471862e-01,  5.24320114e-01,
         4.13991622e-01, -3.65499174e-01, -5.36205672e-01,
        -3.39775016e-01, -7.03655223e-01, -7.15727265e-01,
        -3.70851302e-01, -5.50140087e-02,  1.08978052e-01,
         1.48767390e-01, -5.68901275e-01,  6.71279126e-01,
        -1.74123581e-01,  3.15298704e-01, -6.07595974e-02,
         1.43419446e-01, -3.46221446e-01,  8.53564029e-01,
         2.50116091e-01, -9.90514492e-01, -1.29946735e-01,
         1.00318626e-01, -5.27048550e-01, -4.91913374e-01,
        -1.76155338e+00,  1.11396540e-01,  2.31915422e-01,
        -9.18027497e-01, -2.35939556e-01, -4.41263970e-01,
        -2.12328619e-01, -5.91310537e-01, -6.06839576e-01,
         5.97229524e-01, -5.22192032e-01, -7.09100261e-01,
        -1.50769550e-01, -2.06945548e-02, -1.03817997e+00,
        -3.34219801e-01,  1.22080620e-01, -4.39456939e-01,
         1.86776127e-01,  2.62817413e-01, -3.16489552e-01,
         5.14232819e-01,  5.21568972e-01, -4.32316332e-01,
        -2.72938525e-01,  6.40706948e-01, -8.17772876e-01,
         9.61221803e-01,  8.54908917e-01,  4.54425090e-02,
        -9.54074187e-01,  1.17310398e-01, -3.15847424e-01,
        -2.82725814e-02,  9.15265998e-02, -4.46841749e-02,
        -6.57286171e-01,  2.47238301e-01,  3.84605545e-01,
         3.34958041e-01, -9.88353078e-01,  5.01080023e-01,
        -2.33694981e-01,  2.00667765e-01,  3.63374927e-01,
         1.22992330e+00,  2.08861775e-01,  1.92478004e-01,
         5.05992603e-01,  1.95189821e-01,  2.39514760e-01,
        -8.44088020e-01,  6.53527458e-01, -4.87128762e-01,
         8.37255351e-01,  9.72726065e-01, -1.03209812e+00,
        -5.03723319e-02, -9.37098478e-03,  1.00124734e+00,
        -1.38453682e+00,  7.24559696e-01,  4.75149798e-02,
        -3.89377613e-01,  6.95885126e-02,  4.76725986e-01,
         2.98469996e-01,  1.62902231e-01,  2.74882907e-01,
         6.86969772e-01,  2.88441274e-01, -9.25498941e-01,
        -6.05019031e-01,  1.60943172e-01, -9.73229070e-01,
        -1.10176887e+00, -6.00478579e-01, -4.69645886e-01,
        -1.66811952e-01,  6.45770820e-01, -1.27666474e-01,
        -1.14333097e+00,  9.05504595e-02, -6.70703296e-01,
         5.13526804e-02, -1.52545307e-01, -1.31097544e+00,
         5.88460177e-01, -1.05606938e+00,  3.55479043e-02,
         5.83536896e-01, -6.89975428e-02, -4.03985703e-01,
        -6.33594898e-02, -8.39336509e-01, -5.04952843e-01,
        -6.96157322e-01,  4.81058053e-01,  2.31037404e-01,
         1.17144019e+00, -7.10836895e-01,  8.91951176e-01,
        -4.42809186e-02, -6.35351134e-02, -2.46458484e-02,
         6.21862974e-01, -7.48078581e-02, -7.40467632e-01,
         7.75340508e-01, -6.01804235e-01, -1.33216416e+00,
         1.55486225e+00,  1.48245718e+00,  1.24803539e-01,
        -8.01393272e-01, -5.77021269e-01,  1.20054262e-02,
         1.05310645e+00, -2.26940793e-01, -2.50807765e-01,
         1.02385109e+00,  4.36306228e-01, -9.61316357e-01,
        -8.15055245e-01,  8.01747416e-01,  1.57198340e-01,
         3.40184223e-01, -6.15162663e-01,  8.00423554e-02,
        -1.53248264e-01,  3.43756816e-01,  6.11286340e-01,
         7.32280741e-01,  3.41681476e-02,  1.58736605e-01,
         2.01503288e-01, -1.65559636e+00, -1.10760907e+00,
         3.66488497e-02,  1.15410295e-01,  5.05597406e-01,
        -2.22218404e-02,  4.63445855e-02, -6.83291942e-02,
         5.20945798e-01, -5.70295138e-01,  7.49638353e-02,
         3.21123571e-01, -6.41989502e-01,  4.70660421e-02,
         8.03674685e-02,  2.08339907e-01, -2.18628598e-02,
        -9.33249924e-01,  5.16022363e-01,  1.49437284e+00,
         2.17692031e-02, -5.56667140e-03, -7.83481471e-01,
        -3.44265431e-01, -2.82152523e-01,  1.65250999e-01,
         2.74749742e-01, -1.25880714e+00, -6.76716722e-02,
         8.97293823e-01, -6.70649204e-01, -9.67773871e-01,
        -4.18516915e-01, -9.95826434e-01,  4.47559188e-02,
         1.18071465e-02, -5.00758769e-01, -5.74482036e-01,
        -1.08570811e-01,  9.60029497e-01, -4.15643345e-01,
        -6.81195794e-01,  7.88976697e-01,  9.33638113e-02,
        -6.28973161e-01,  1.42719534e-01,  5.95945501e-01,
         7.32012557e-01,  4.63852175e-01,  1.29822991e+00,
        -3.03870313e-01]]), array([36.93199035])]]
Dataset str(5)
Time elapsed in seconds
0.7663781642913818
[22, [array([[ 4.59755953e-01, -6.33521762e-01,  5.72139301e-01,
        -2.48318226e-01,  1.04491488e+00, -1.87881368e-01,
        -5.52997590e-01, -1.14681227e+00,  1.71109932e-01,
         6.53031959e-02,  4.12870901e-04, -8.45373992e-01,
        -2.22654220e-01, -1.52927380e-03,  6.22130018e-01,
        -4.55263050e-01,  1.58566484e+00, -7.71207943e-01,
        -9.54783215e-01, -2.00719364e-01, -9.75696593e-01,
         5.36019509e-01,  7.15240953e-01,  3.27279047e-01,
        -2.82837561e-01,  1.77994797e-01, -3.01411665e-01,
        -3.34414861e-01, -1.08651107e+00,  6.41574181e-01,
        -3.19769492e-01,  8.94423296e-01, -4.41515912e-01,
        -6.00669603e-01, -4.79954985e-01, -1.70060407e-01,
        -2.66912123e-01, -9.38907903e-01, -8.89619863e-03,
        -4.14007045e-01,  2.10790690e-01, -7.75196014e-01,
         4.87190909e-01,  8.86578944e-01, -3.77129696e-01,
        -1.28073989e+00,  1.76409441e-01, -3.35602527e-03,
        -1.18093073e+00,  6.72993604e-01, -1.25244155e-01,
         8.39552910e-01,  9.49555253e-01,  4.04885654e-01,
         1.09292955e+00,  6.71849064e-01,  1.61619304e+00,
         2.30458584e-01, -9.37728918e-01,  1.34377896e+00,
        -5.19045010e-01, -1.39498660e-02, -1.16609470e+00,
         9.88869423e-01, -2.67181447e-01,  1.69618935e-01,
         5.68685434e-02,  7.02511057e-01,  9.62290127e-02,
        -2.03732128e-01,  8.39412146e-01,  8.80633455e-02,
         7.69884259e-01, -2.46921659e-01, -5.25867470e-01,
         8.32262243e-01,  5.60366348e-01, -1.14784230e+00,
        -2.46567581e-01,  9.93109372e-01,  2.87497269e-01,
         2.58035472e-01, -6.37216891e-01, -7.14591435e-01,
        -3.72716886e-01, -3.06443142e-01,  5.74122717e-01,
         7.72986487e-01, -1.93260565e-01,  4.59052110e-01,
         9.61414563e-01,  4.34460548e-01,  4.74074842e-01,
         4.72172618e-01,  3.09934346e-02, -1.08226360e+00,
        -3.13944750e-01,  4.93161738e-01, -6.83660336e-01,
         1.94389905e-01,  1.07226643e+00,  1.64594273e-01,
        -2.19571487e-01,  6.54461530e-01, -1.53689376e+00,
        -4.82621549e-01, -7.06939428e-01, -7.64585952e-02,
        -1.31098301e+00,  1.17777285e-01,  5.82552417e-01,
        -8.61152271e-02, -1.37447867e-01, -1.04176415e+00,
        -7.56123457e-01, -8.84253391e-01, -8.46168184e-01,
         6.73743392e-01, -6.34062806e-01,  1.70034969e-01,
         9.75164714e-01, -7.08959275e-01,  5.96297835e-03,
         1.15879827e+00, -1.99138612e-01,  5.73517382e-01,
         4.48759686e-01, -1.98075051e-01,  8.11369823e-01,
        -8.74722654e-01, -5.17062827e-01, -8.52248069e-01,
        -1.33151565e+00,  1.35739259e+00,  4.97128991e-02,
        -1.13481414e+00, -3.84014981e-01,  1.87143277e-01,
         2.92077281e-01,  1.10277359e+00, -9.35958777e-03,
         2.88300599e-01, -6.08726482e-01,  4.11393498e-01,
         3.18769337e-01,  9.01989958e-02,  1.66899731e-01,
        -1.05027480e+00, -7.80637561e-01, -3.32181230e-01,
         3.38758874e-01,  1.13458889e+00,  9.05224554e-01,
         7.90137413e-01,  8.96741307e-02,  2.34968991e-01,
         2.37935156e-01,  2.44086808e-01, -1.40794689e+00,
        -1.10766669e+00, -1.24532090e+00,  9.89073788e-01,
        -2.10911398e-01,  3.45978397e-01, -5.04001291e-01,
         1.46029919e-01, -3.40332191e-01,  6.73776640e-01,
        -8.27123666e-01,  4.05939831e-01, -7.77126033e-01,
         4.86755201e-01,  3.82397688e-01, -7.74868871e-01,
        -4.25245692e-01, -1.25637834e-01, -7.69461479e-01,
        -8.16585781e-01,  1.10121455e+00,  1.34704090e-01,
        -1.55412301e-01, -2.96076012e-01, -1.64923554e-01,
        -5.91110148e-01,  2.93375006e-01,  1.20155889e-01,
         1.26444591e-01, -1.21557771e+00, -1.74513232e-01,
        -5.22172701e-01,  6.73231383e-01, -2.57505086e-01,
        -2.14822392e-01,  3.41268156e-02,  6.41693801e-01,
         5.00650012e-01, -5.59775113e-01,  9.60194804e-01,
        -2.96752492e-01,  3.96172173e-01, -1.40258530e+00,
        -1.29738137e+00, -2.71224284e-01,  5.73444441e-01,
        -3.97575939e-01,  2.47861954e-01,  1.01219256e+00,
         9.02983690e-01,  9.23529646e-01,  4.80066330e-01,
         7.63643680e-01,  5.28796054e-01,  4.11800736e-02,
        -1.64084781e-01, -1.20109134e+00, -9.50673801e-01,
        -1.59165199e-01, -2.99702821e-01,  7.94416377e-01,
        -3.86169927e-01, -2.92545234e-01,  1.04724341e+00,
         8.12854837e-01, -6.73083134e-01,  9.21462399e-01,
         1.13612244e+00, -1.27056511e+00,  6.15226527e-01,
         5.56939110e-01, -5.72932848e-01, -5.25695052e-02,
         2.13442605e-01, -1.51976911e-01,  1.42296174e+00,
        -2.43881004e-01,  1.31295528e+00, -7.85212893e-01,
         3.80364197e-01,  3.42621973e-01, -1.21376065e-02,
        -1.21413572e-02,  7.44702158e-01, -1.22884779e-01,
         7.31206444e-02, -1.49669546e+00, -2.79460981e-01,
         1.34340546e-01, -4.54489815e-01,  7.17229782e-01,
         1.07896205e-01, -1.54418013e-02, -1.03316689e+00,
         8.04510398e-01, -6.57151490e-01,  4.52315118e-01,
        -2.81113508e-02,  7.89371688e-01, -3.38819120e-02,
         2.55955843e-01,  1.80535932e-01, -4.01081371e-02,
         3.31689572e-01,  4.41452652e-01,  8.06896404e-01,
        -1.56522708e+00, -3.16803588e-01, -6.55839921e-02,
         7.31698400e-01,  5.24368542e-01, -4.62520789e-01,
        -2.22773380e-01,  8.34027405e-02, -7.67146293e-01,
         2.44585276e-01, -1.94111176e-01,  4.98916875e-01,
        -2.28536517e-01, -6.47920756e-01,  5.06590221e-01,
        -1.04838904e-01,  1.57149728e-01,  8.11149557e-01,
         4.10516274e-01, -2.55714806e-01, -1.04097448e+00,
         1.54152452e+00,  1.79756670e-01,  3.28683454e-01,
        -3.65388754e-02,  8.32838876e-01,  3.79137519e-01,
         1.51869604e+00, -3.71641156e-01, -3.60816277e-01,
        -9.96671127e-01, -3.35884705e-01, -3.41795626e-01,
         9.28125414e-01,  8.87791503e-01,  7.56902149e-01,
         3.32393136e-01, -2.23432603e-01,  5.35255240e-01,
        -1.27790322e-03, -4.90545113e-01, -5.75802840e-01,
         1.15147584e+00, -1.06455324e-01, -1.63969662e-01,
         1.09254534e+00, -4.07915361e-01,  6.06635456e-01,
         1.15028727e+00,  4.98439161e-01,  1.96493319e-01,
        -9.51547918e-01,  5.25326334e-01,  9.96722143e-01,
         4.33450403e-01,  9.69462444e-01,  5.19153073e-02,
         7.64485940e-01, -7.35334802e-02, -3.12320361e-01,
         3.32513666e-01,  1.00454110e+00,  2.05164868e-02,
        -3.38940863e-01, -7.79169214e-01, -1.64231879e-01,
        -4.10988507e-01, -2.71693101e-01,  8.51158741e-01,
         3.82082568e-01,  8.43652780e-02,  1.09307779e+00,
        -1.26885562e+00,  1.65225734e-01,  8.76697128e-01,
         4.85143654e-02, -1.35270206e+00, -6.48540743e-02,
        -1.20753804e+00, -7.45592551e-01,  2.90889177e-01,
         1.96205775e-01,  3.62429393e-01,  5.17762952e-01,
         5.48465413e-02, -7.75162342e-01,  6.59500125e-01,
         4.12728856e-01, -3.72523107e-01, -7.18502485e-01,
        -4.61961365e-01,  1.33635155e+00, -1.35060618e+00,
        -3.42314949e-01,  1.62007214e-01,  1.23620365e+00,
         2.41648922e-01,  7.67288173e-01,  2.11066404e-01,
         2.70338777e-01,  3.55537194e-02,  4.69956307e-02,
         1.54783400e+00, -6.44530920e-01, -3.29413084e-01,
         5.06718586e-01,  2.01045070e-01,  1.63917865e+00,
        -1.25427792e-01,  2.09144571e-01, -1.47107604e+00,
        -3.71232146e-01,  6.71393258e-01,  2.07731576e-01,
        -1.05945569e+00, -3.50054304e-01,  4.58593974e-02,
        -1.04313974e+00,  3.87311712e-01,  6.02067668e-03,
        -4.74553684e-01, -3.96274267e-01, -6.73532520e-01,
         5.06736694e-02,  3.68172146e-01, -5.70108725e-01,
         1.07136992e+00,  4.19265340e-01, -8.53828706e-01,
        -5.75017325e-02, -1.16733208e-01,  1.13107981e+00,
        -1.46975834e-01,  3.10046775e-01,  6.34732714e-02,
        -3.13438491e-01,  3.94748652e-01, -6.87827637e-01,
        -1.13363648e+00,  1.21502662e+00,  3.01706513e-01,
        -3.37939650e-01, -7.22768483e-01,  6.19012869e-01,
        -9.70712285e-01, -4.65569044e-01, -6.68640818e-01,
         2.11619782e-01,  4.86138032e-01,  8.08103614e-01,
        -2.55540141e-01,  7.08262281e-01, -1.19056720e+00,
         8.40986365e-01, -3.76112039e-01,  6.53150901e-01,
         8.99144282e-01,  1.67310406e-01,  3.33200788e-01,
        -5.14017482e-01,  2.39860086e-01,  6.98861904e-01,
        -6.94971207e-01,  6.52013686e-02,  1.87597261e-01,
        -1.05801803e-01, -1.54329208e-01, -1.62344604e+00,
        -5.48223407e-02, -6.00422918e-01,  2.25835609e-01,
        -5.44975216e-01, -3.58289956e-01, -5.37044425e-01,
         1.26108518e-01, -3.48329785e-01, -9.38985637e-01,
        -1.29215057e+00,  3.16194210e-01, -1.62193004e+00,
         6.60889663e-01,  6.88631327e-01, -3.66425394e-01,
         4.37828976e-01, -2.99808938e-01, -6.85754491e-02,
         5.24884770e-01, -2.64756808e-01, -2.16560223e-01,
         3.83887642e-01,  4.04909236e-01,  3.92738037e-01,
        -9.08096069e-01, -2.33663030e-01, -8.09052960e-01,
         7.66064464e-01,  9.56905454e-01, -1.16267577e+00,
        -6.50412970e-01, -3.81126427e-01,  1.07188155e+00,
        -1.31199067e-01, -3.18215503e-01, -6.26498607e-01,
         3.32237874e-01,  2.59027875e-01, -2.90772517e-01,
         3.53705955e-02,  5.26166993e-01, -2.51973830e-01,
         7.05299989e-01, -1.08468625e+00, -5.82470196e-03,
        -5.84394564e-01,  3.06800607e-01,  6.93302334e-02,
        -5.48481546e-02,  1.39820982e-01, -6.57490499e-01,
         8.79213493e-01,  2.74456341e-01,  2.12093052e-01,
         7.95418143e-01]]), array([13.62775988])]]
Dataset str(6)
Time elapsed in seconds
0.4730689525604248
[22, [array([[-2.00009796e-01,  2.57084247e-01, -7.45658412e-01,
        -2.58412416e-01, -5.05523426e-02,  3.85094373e-01,
        -1.50210521e+00, -5.75909759e-01, -9.02786887e-01,
         3.70854222e-01,  7.66834173e-01, -5.02498723e-01,
         9.42966638e-01,  9.63348543e-01, -6.35389442e-02,
         7.05982798e-01,  9.55737687e-01,  1.20410981e-01,
        -1.80810312e-01,  1.93380712e-01,  7.70108954e-01,
         2.87769317e-01, -2.91238220e-01, -1.93496461e-01,
         6.57917933e-02,  4.82494491e-01,  2.59745359e-01,
        -3.87266991e-01, -1.57959420e-01, -5.47419175e-02,
        -1.96991990e-01, -6.15510522e-01,  9.48540224e-01,
         7.32129088e-01, -6.39257159e-01, -6.10210771e-01,
         2.26299209e+00, -1.08611823e-01,  6.20159477e-01,
         6.79033299e-01, -8.42792589e-02,  2.79328401e-01,
        -4.61519515e-01,  9.26768331e-02, -2.25622171e-01,
        -1.42275343e+00,  9.20913247e-01, -2.36579390e-02,
        -4.10615857e-01, -6.99374990e-01, -3.78144296e-01,
        -1.62077319e-01, -1.02228907e+00,  3.04473472e-01,
         2.19521632e-01,  5.75955292e-01,  8.05914937e-01,
         6.17138916e-02, -3.97440070e-01,  1.14767727e+00,
         2.44020123e-01,  1.58552870e-01,  3.50919815e-01,
        -2.29839960e-01,  1.77223693e-01, -5.28856997e-01,
        -8.81483183e-01,  6.04167539e-02, -2.08910270e-01,
         9.98738772e-02,  3.57248464e-01,  1.31861106e-01,
         5.98506596e-01,  3.19177734e-01,  1.07375979e+00,
         9.32620314e-01,  3.08777228e-01, -2.62443150e-01,
         1.82346587e-01, -2.57847476e-01, -1.77544914e+00,
        -9.65740681e-02,  7.81064045e-02, -5.55460210e-01,
         3.28214820e-01, -3.14517228e-01, -1.35408171e+00,
         8.55327996e-01,  1.71830633e+00, -1.08428288e+00,
        -1.59436978e+00, -5.43856457e-01,  8.61274810e-01,
        -4.67685645e-01, -1.51605703e+00, -7.88581241e-01,
        -1.11033475e+00,  1.15069446e+00,  1.30066413e+00,
         4.61765231e-01, -5.69850167e-01, -3.43924419e-01,
         5.54337583e-02, -1.72018369e-01,  2.61472654e-01,
         7.93476887e-01, -5.29829995e-01, -3.79470780e-02,
         7.97907182e-01, -1.40171153e+00, -4.45673366e-02,
        -1.05796101e+00,  4.77517863e-01,  6.86541064e-01,
         4.52501154e-01,  8.22951637e-01,  5.75515760e-01,
         1.06732449e+00,  1.86660032e-01,  1.39844587e-01,
        -5.29540188e-01,  4.30882062e-02, -6.01194469e-02,
        -2.81170900e-01, -5.39382608e-01, -2.03560800e-01,
        -6.65888113e-01, -4.60402789e-01,  4.76210981e-02,
         7.01629761e-01, -1.12863703e-01,  7.65280784e-02,
         1.82418914e-01, -5.94978328e-01,  1.13766006e+00,
         1.79836818e-01,  9.81332195e-01,  5.09658350e-01,
        -3.09397131e-01, -4.23584198e-01, -3.78826831e-01,
         1.08699192e-01,  1.19661431e+00, -4.16526016e-01,
        -6.96576906e-02,  2.40208329e-01,  5.40515951e-01,
        -1.40777559e-01,  5.29263406e-01, -1.61229357e+00,
         2.13810217e-03, -1.27974137e-01,  8.08642340e-01,
        -8.20479082e-01, -1.86936130e-01, -9.59397331e-02,
        -5.38155380e-01, -2.84590139e-01, -6.90983766e-02,
         1.59577778e+00, -1.68842383e-01, -4.75575438e-01,
         5.26784964e-01,  9.99226935e-01, -4.25853604e-01,
        -1.20329706e-01,  3.96036761e-01,  1.90787658e-01,
        -7.47342166e-01, -2.82763978e-01, -1.35569069e+00,
         5.19805189e-01,  8.04311461e-01,  8.24408799e-02,
        -6.71293919e-01, -4.56635452e-01, -1.20423198e-01,
        -1.09776267e+00,  4.96362887e-01, -4.93649132e-01,
         2.37549936e-01, -4.43366832e-01, -2.01964303e-01,
        -5.25315831e-02, -3.75654774e-01,  4.57383103e-01,
         7.79696497e-01, -5.60139820e-01, -4.35609020e-01,
        -9.94495315e-02, -8.21433375e-02,  1.97606923e-03,
         9.56017551e-01, -2.98794010e-01, -3.15328830e-01,
         5.90781356e-01,  4.57928919e-01, -6.41768905e-01,
        -2.16514943e-01,  6.89583174e-01, -8.77980261e-01,
        -3.34679633e-01, -4.80825361e-01, -9.24749917e-01,
        -3.62356266e-01,  6.74057282e-01, -3.42622401e-01,
        -2.43157304e-01, -5.02927627e-01, -3.10886693e-01,
        -5.60485366e-01, -1.92985114e-01,  2.54651609e-03,
         5.88528699e-01, -6.04722603e-01, -4.21680149e-01,
        -1.49409730e-01,  4.08717775e-01, -3.70567371e-01,
        -1.17328871e-01,  5.09530024e-01, -4.74170077e-01,
        -2.35132673e-01, -8.05541391e-03,  4.10309307e-01,
         6.21549094e-01,  7.88180703e-01, -6.63774968e-01,
         8.91762872e-01, -3.40367552e-01, -3.60901973e-01,
        -1.16258250e+00, -8.37365652e-01,  1.15167305e+00,
         9.70715853e-01, -2.55067093e-01, -5.00211698e-01,
         7.46528139e-01,  4.49935316e-01, -2.52681419e-01,
         1.01683198e+00,  4.08136194e-01,  1.25686967e+00,
        -1.10063299e+00,  7.11199681e-03,  5.94246976e-01,
         9.78676383e-02, -5.52644152e-01,  1.60061502e-02,
         1.13260439e+00, -2.06669376e-01,  2.40700131e-01,
         2.50819776e-01,  8.18611826e-01,  9.72006341e-01,
        -3.80247198e-02, -6.21354439e-01, -1.47077160e+00,
         5.23355273e-01, -3.53576293e-01, -4.48120540e-01,
         1.02316294e+00,  3.22726964e-01, -4.30781517e-01,
        -5.03880957e-01, -3.59706987e-01, -9.78375764e-01,
        -5.37211464e-01, -4.14597906e-01,  7.33981472e-01,
         1.16411206e+00,  3.31065835e-01, -8.20771110e-01,
         7.18247112e-01,  4.58373203e-01,  6.48587268e-01,
         6.01038405e-01, -1.53651387e+00, -9.58850332e-01,
         1.51253472e-01,  4.43342893e-01,  5.69812884e-01,
        -3.35406983e-01, -8.51578459e-01,  1.53582955e-01,
         9.05215302e-01, -9.89389743e-02, -1.28097334e-01,
        -9.74950783e-01, -1.06966271e-01,  9.10408834e-01,
         4.24577060e-01, -4.65955896e-01, -2.71980523e-01,
        -1.08158193e+00,  8.43346595e-02,  2.20160563e-01,
        -6.92399699e-01, -4.20079348e-01,  6.34132936e-01,
        -5.59389050e-01, -1.28504109e+00, -4.46227729e-02,
        -1.47019477e+00,  6.53760084e-01,  6.53738610e-01,
         6.73263623e-01, -1.56083943e-01,  8.25798193e-02,
        -8.57754391e-01,  1.71102027e-01,  8.20820594e-01,
        -1.31075945e+00,  1.46081604e-01, -3.86248573e-01,
        -2.88506812e-01,  3.14606133e-01, -4.02068872e-01,
         4.44788464e-01, -1.13740954e+00, -2.95822150e-01,
        -9.09962146e-01,  2.27620700e-01,  1.66625141e-01,
        -1.25689038e+00,  2.53489543e-01,  1.13183781e+00,
         8.33398167e-01, -1.41506772e-01, -4.75813333e-02,
        -8.76173030e-01,  8.37393654e-01,  4.19880139e-01,
        -4.30019451e-01, -5.93287886e-01, -8.99720642e-01,
        -9.51513455e-01,  6.47631018e-01,  1.13489929e+00,
        -2.63958236e-01,  3.03329486e-01, -9.09087295e-02,
         4.94585096e-01,  1.44879322e+00,  1.30913654e+00,
        -1.42959882e+00,  9.75235609e-01, -9.21613090e-01,
        -1.38269086e+00, -5.52291085e-01, -1.42403955e+00,
        -2.98218542e-02, -1.02683006e-01, -5.01774726e-01,
         4.92894704e-02,  1.08405902e+00, -4.83120314e-01,
         1.89598637e+00,  3.99767716e-01, -5.38995279e-01,
        -2.28974587e-01, -1.52699225e-01, -8.30349797e-01,
         2.80829218e-02, -5.06045603e-01, -8.02412761e-01,
         6.18797971e-01, -8.02953135e-02,  1.23791689e+00,
        -4.66683376e-01,  1.90024102e-01,  2.79787778e-01,
        -4.99590520e-04, -4.86664098e-01,  1.04390941e+00,
         3.99006706e-01, -6.88526774e-01, -1.14547756e-01,
        -1.60031310e+00, -6.78175170e-02,  1.84447565e-01,
        -2.18662785e-01,  1.41141789e+00, -3.49412935e-01,
        -1.26469336e+00, -1.17052678e-01,  3.23550798e-01,
        -1.22267584e+00,  8.43205414e-01, -2.70378549e-01,
         9.00473203e-01,  5.69383406e-01,  2.05379459e-01,
         1.11594987e+00,  3.80741653e-01, -8.33131983e-01,
        -1.41565331e-01, -6.03882305e-01,  6.46609318e-01,
        -1.03032313e+00, -1.56804240e-01,  1.27758036e+00,
         8.72679231e-01, -9.42870233e-01,  9.08321680e-01,
         8.39698927e-01, -1.72142310e-01,  6.82461283e-01,
         9.22571491e-01,  5.68421783e-01, -4.89569382e-01,
         5.07300947e-02, -6.79614088e-01, -4.09832733e-01,
        -4.27235834e-01, -7.39940385e-02, -2.14071779e-01,
        -1.13908494e-01,  4.96238721e-01,  5.79137283e-01,
         1.23111698e-01, -2.26211245e-01,  1.29687388e-01,
         7.46960941e-01, -9.26073423e-01, -2.12126481e-01,
        -1.31825335e+00, -6.43834087e-02,  1.03255385e-01,
         1.29599932e+00,  4.08829580e-01, -1.51658159e-01,
        -6.40264406e-01,  8.08193228e-01, -4.79136104e-01,
        -1.17209105e+00, -1.31374481e+00, -5.77898352e-02,
        -1.00154946e+00, -2.88199375e-01, -1.04108779e+00,
        -1.28953459e+00,  1.26968606e+00,  1.15229928e+00,
        -2.54438020e-02,  2.28507967e-01,  1.17392570e+00,
         4.66010746e-01, -6.19500868e-01,  8.42879823e-01,
         1.21638427e-01,  9.20894617e-01,  1.73817544e+00,
        -1.52804503e-01, -1.49297245e+00,  2.76388801e-01,
         3.18796115e-01, -2.53878805e-01,  8.40769386e-01,
         4.70028374e-01,  9.60286562e-02,  5.19347561e-01,
        -8.67185520e-01,  6.42207560e-01, -1.04878919e+00,
        -2.03620866e-01, -9.76609202e-01, -2.46369057e-01,
        -1.17036895e+00, -5.00775136e-01,  1.33460390e+00,
        -2.35401381e-01, -3.57623372e-01,  2.93699367e-01,
        -8.22979464e-01,  9.32032470e-02, -1.51180921e-01,
         7.03665482e-01, -6.22315348e-02,  3.18779943e-01,
        -5.05653275e-01, -3.21835679e-01,  2.03763960e-01,
         1.23651344e+00, -3.42710195e-01, -1.46955572e+00,
         4.04024757e-01]]), array([26.92211224])]]
Dataset str(7)
Time elapsed in seconds
0.18027687072753906
[22, [array([[ 1.02380472e+00, -1.13553198e+00, -3.88644915e-01,
         7.20966601e-01,  1.54636656e-01,  2.81879120e-01,
         2.76342138e-01,  2.53435860e-01,  2.77516460e-01,
        -5.76439687e-01, -4.73081420e-01, -7.99021770e-01,
         2.85162092e-01, -1.94500149e-01,  1.62676157e+00,
         2.82062243e-01,  7.23907848e-01,  1.90327762e+00,
         9.85471359e-01, -1.43700476e+00,  1.25377737e+00,
         7.35698914e-01, -1.25520851e-01, -3.39907696e-01,
         9.68199230e-01, -1.36575370e-01, -2.90953825e-01,
        -9.99391690e-03, -5.47920924e-01,  6.15571589e-01,
        -1.15169350e+00,  2.45748001e-03, -3.43151317e-01,
        -2.12644896e-01, -7.40813470e-01,  8.64945343e-01,
         4.54998166e-01,  7.65769831e-01,  2.97024162e-01,
         1.35119148e+00, -1.13773451e-01,  6.18586652e-01,
        -9.28176541e-02, -3.85177899e-01,  3.51906716e-01,
         1.94988386e-01, -2.43747043e-01,  9.28524787e-01,
        -7.14300691e-01, -4.06638360e-01, -8.30173247e-01,
        -2.85897756e-01, -6.66349347e-01,  8.11112566e-02,
        -1.66875302e-02,  9.44948653e-01, -3.27827080e-01,
        -1.38827584e-01, -2.25966783e-01, -5.11116740e-01,
         8.46661179e-02, -1.51329641e-01, -1.90310673e-02,
        -3.80834156e-01, -2.26318650e-02,  2.05026283e-01,
         4.81245916e-01,  3.33193823e-01, -1.10366744e-01,
        -4.72206601e-01, -5.02516831e-01,  2.72185343e-01,
         1.30477147e+00,  1.31705016e-01, -7.38883826e-01,
        -3.48780002e-01, -8.21901666e-02,  1.48488878e-01,
        -1.00432632e+00, -1.01435258e-01,  1.01090945e+00,
        -3.05453547e-01,  1.81604903e-01,  5.83450126e-01,
        -1.03784961e+00, -4.66438393e-01, -8.48423134e-01,
         3.43036381e-01, -1.62317307e+00, -7.24188709e-01,
        -9.99878933e-02, -6.25432173e-01, -1.45662744e+00,
        -2.96566601e-02, -3.22712087e-01,  2.20548729e-01,
         1.09196483e-01,  6.43626395e-01, -1.46068002e-01,
        -1.70438611e-01, -3.46847693e-01, -8.10280288e-01,
        -1.83728917e-01, -1.38383725e+00,  2.62558562e-01,
         1.90481700e-01, -4.08239153e-01, -3.86527276e-01,
        -8.78527592e-01,  6.48675260e-01, -4.36951840e-01,
         8.17633131e-02,  3.31830443e-02, -3.54853499e-01,
         6.02870872e-01, -2.46354590e-01, -2.88155935e-01,
        -8.75409740e-01,  1.35313188e-01,  2.31601166e-02,
         7.79524508e-01,  5.84603224e-01, -7.81492658e-01,
         5.60167567e-01,  9.70444250e-01,  4.83876912e-01,
         1.52768178e+00, -6.59597751e-01, -6.85150070e-01,
         4.94455772e-01, -5.26195965e-01, -3.81425247e-01,
         3.29477752e-01, -9.68525044e-01, -6.63970780e-01,
         8.34888130e-01,  1.28765090e+00,  3.49338169e-01,
        -9.47708969e-02,  8.37897584e-01, -9.42165843e-01,
         2.98437535e-01,  4.29483774e-01,  4.32156781e-01,
        -1.18748868e-01,  1.58126871e-01, -2.20807590e-01,
        -2.91056747e-01, -4.51293987e-01,  3.48792728e-01,
        -2.13937520e-01, -4.42669684e-01,  3.55774075e-01,
         8.94504513e-01,  3.09776719e-01, -1.18026315e+00,
         2.39422627e-01,  1.40285074e+00,  4.53717525e-01,
         1.29037513e+00, -7.00917228e-01,  3.12773509e-01,
        -9.20162560e-01,  4.26002141e-01, -4.55804374e-01,
         6.90817035e-01,  3.41218642e-01, -4.71192101e-01,
         2.32368555e-01,  1.27719762e-02,  5.54342472e-01,
        -1.05685593e-01, -5.12677635e-02, -1.62076975e-01,
        -4.53672373e-01, -3.15064359e-01,  5.16964262e-03,
        -4.48692732e-01,  4.94392804e-01,  1.02454607e+00,
         4.63321242e-02,  5.99519940e-01, -5.83225347e-01,
        -1.96033248e-01, -9.73702543e-01, -2.87806055e-01,
        -8.11691007e-01, -5.52865977e-01,  7.45026983e-01,
        -2.10336938e-01,  4.84587046e-01, -3.00123876e-01,
         2.11386239e-01, -1.13621989e+00,  6.01703887e-01,
         5.24678816e-01, -4.57084510e-01,  3.11598776e-01,
        -4.12507618e-02,  3.36306798e-02,  1.32486535e-01,
         2.41964452e-01,  3.88676968e-01, -2.94854732e-01,
        -7.81347380e-01,  3.55890268e-01, -9.27135473e-01,
        -1.23883017e+00, -8.93047761e-01,  2.19589389e-01,
         4.28990895e-01, -4.64608614e-01,  1.02729291e+00,
         2.84332614e-02, -2.64949073e-01,  9.08953499e-01,
        -1.37182208e+00,  4.85479046e-01, -2.81511150e-01,
         1.36726803e-01,  3.30675813e-01,  2.58242654e-01,
         1.07528198e-01,  3.22294096e-01, -4.65558062e-01,
        -5.87345095e-01,  1.83200071e-01, -5.64240846e-01,
        -2.07076420e-01,  4.54744438e-01,  2.35408250e-01,
         3.55735506e-01,  6.36369963e-03,  7.60925251e-02,
         1.40424534e-01,  7.63228245e-01, -4.63686856e-01,
        -6.30408163e-01, -9.34604002e-01,  9.31292187e-02,
        -2.22529041e-01,  7.29016873e-02, -7.52481434e-01,
         7.67701821e-01, -3.37383284e-02, -1.92199930e-01,
        -2.06755185e-01,  2.07039914e-01,  7.11120552e-02,
        -2.01567965e-01,  8.96357037e-01, -9.65916007e-01,
         1.37829784e+00, -9.38477287e-01,  5.07503361e-01,
         1.52029788e-01,  3.97795305e-01, -6.20962045e-01,
         1.30185661e+00,  2.68840292e-01, -1.71690771e-01,
        -6.81752668e-01, -3.97060330e-01, -6.90183471e-01,
         6.64763980e-01, -1.64921285e+00,  2.47021183e-01,
        -4.08066147e-01, -1.42117640e+00, -6.50573076e-01,
        -2.00790821e-01, -2.99663698e-01,  2.89898280e-01,
         3.33371998e-01, -4.81867211e-02,  9.59561130e-02,
        -6.78414659e-04, -6.39109076e-01, -4.98475943e-01,
         7.81448241e-01,  1.11393205e-01, -3.13972002e-01,
        -6.89353894e-01,  2.50109167e-01, -5.01350464e-01,
         2.48092850e-01,  6.39421929e-01, -5.55028107e-01,
        -1.15742052e+00, -2.22051619e-02, -3.15117340e-01,
         7.07940456e-01,  4.37448810e-01,  6.17977339e-01,
        -1.61642312e-01,  9.47366617e-01, -1.15457545e-01,
        -5.69874848e-01,  2.51132985e-01,  2.32959461e-02,
         4.43390354e-01,  8.10174520e-01, -5.38358613e-01,
        -6.76464223e-01, -3.52364529e-01,  1.34962493e+00,
         8.31379289e-01, -7.65685783e-01, -1.62150237e-01,
        -3.15819579e-01, -3.56637044e-01, -7.02478462e-01,
         5.67284178e-01, -1.43543846e+00,  2.02962417e-01,
        -4.52059716e-01,  6.40047495e-02,  4.73249426e-01,
         4.82167629e-01, -3.51027023e-01, -2.96654338e-01,
        -9.78419822e-01, -4.96433508e-01,  9.68849996e-02,
        -1.28609656e+00,  1.03355494e+00, -5.14348569e-03,
         1.07096466e+00,  1.48743284e+00, -2.19508658e-01,
         3.02902162e-01, -3.61596420e-01,  6.57730426e-01,
         3.32016589e-01,  4.30068378e-01,  1.73902023e+00,
        -9.37672654e-01, -5.84631758e-01, -3.67326392e-01,
        -1.47095210e+00, -1.38859566e+00, -6.16759150e-01,
        -9.27937208e-02,  4.12027966e-01, -6.37985298e-01,
        -8.28935663e-01, -8.10976283e-01,  8.11366009e-01,
        -1.22783712e+00,  3.69545631e-01,  3.27629647e-01,
        -6.92891948e-01, -1.30158677e+00,  1.09160523e+00,
        -8.56861120e-02,  1.23630986e+00, -7.57286536e-01,
        -7.84429045e-01, -1.14534521e+00, -2.36287785e-01,
         9.58799776e-01, -2.90402137e-01,  1.08725073e+00,
         2.93488809e-01, -1.73197381e-01,  3.32318810e-01,
        -9.07349396e-01,  1.09121765e+00, -1.15034711e+00,
         1.66500911e-01,  5.92023210e-01,  4.96021429e-01,
        -6.05486873e-01, -1.06192902e-01, -4.14622718e-02,
         5.93279790e-01,  3.28476527e-01,  6.95621820e-01,
         5.00200773e-01, -3.27076604e-01, -5.80528457e-01,
        -1.19489813e-01, -3.95411624e-01, -1.38943075e-01,
         2.54141164e-02,  8.85069904e-01,  1.13442072e+00,
        -4.34774639e-01, -2.40636463e-01,  9.23005626e-01,
        -5.68987644e-01,  9.66801015e-01,  4.47298058e-01,
        -8.24579834e-01,  3.12341167e-01,  4.92855749e-01,
         1.49958867e-01, -4.95933776e-01, -6.18971348e-01,
         9.09661709e-01, -7.87621684e-01,  1.05752737e+00,
        -6.53554347e-01, -1.17020801e+00,  6.12301550e-01,
         1.54083088e-01, -5.56018372e-02, -9.24532881e-01,
        -4.89820120e-01, -5.49468680e-01,  5.91419478e-01,
        -2.00592403e-01,  6.00257596e-01,  1.27852747e+00,
         8.68069602e-01,  6.13520093e-01,  1.37285594e-01,
        -8.17035432e-02, -7.79056597e-01,  4.85723138e-01,
         5.45147272e-01, -7.63451150e-02,  6.57360553e-01,
        -4.15189259e-01, -5.87230486e-01, -6.02844508e-01,
        -7.56584035e-01, -3.67403077e-01, -5.43699186e-01,
        -9.16524474e-01, -6.33310432e-01,  6.69407770e-02,
         1.56959506e-01,  1.33888869e-01,  3.98938127e-01,
        -4.20273193e-01, -4.15790187e-01,  4.86932610e-01,
         5.79621954e-02,  4.06991140e-01, -1.38477099e+00,
         1.09690464e-02,  3.06379777e-01,  3.04397772e-01,
        -1.30915163e+00,  1.06866668e-01, -2.00463182e-01,
        -4.38320101e-01, -9.53610341e-01, -1.36375047e+00,
         2.32574651e-01, -7.10532157e-01, -1.82523130e-01,
         6.25847803e-01,  9.00587170e-02, -4.71095484e-01,
         4.51433400e-01,  3.72742375e-02,  5.22308436e-02,
         6.29179302e-01, -5.25348032e-01,  1.84953478e+00,
         2.11555785e-01,  9.60599356e-01,  4.61745060e-01,
        -1.21936800e+00, -9.68282131e-02,  4.69499716e-01,
         1.24866497e-01, -4.54824734e-01,  1.74569446e-01,
        -4.35545332e-01,  2.20139062e-01, -4.36623477e-01,
         3.23747882e-01,  1.62982665e-01, -4.01439584e-01,
         5.77580488e-01, -2.46004504e-01, -1.30827749e+00,
        -7.64411351e-01,  2.39202546e-01, -6.17330041e-02,
         1.00801782e+00,  2.74854969e-01, -6.17752693e-02,
         9.17147605e-01]]), array([8.72974112])]]
