Dataset str(0)
Time elapsed in seconds
5.928169012069702
[19, [array([[-9.36344390e-01,  2.07851420e+00, -2.39650803e-01,
         3.34108130e-02, -9.36063603e-01, -1.01649933e+00,
         2.06270197e-02,  4.83204877e-02,  3.96594886e-01,
        -2.90485066e-02, -1.22720599e+00,  1.87614622e-01,
         1.03128534e+00,  4.46413827e-01, -2.95135661e-01,
         4.00583870e-01, -9.55406243e-01,  4.46886822e-01,
         3.66800954e-01, -7.25523263e-02,  9.70870236e-01,
        -3.72119446e-01, -1.76992608e-01, -4.57419023e-02,
         1.73928072e-01, -1.65816792e+00,  8.21136710e-01,
         6.00430015e-01, -1.41621275e+00,  1.67749590e+00,
        -1.74476923e-01,  5.17718174e-01,  5.69480781e-01,
         6.00127957e-02,  4.35029996e-01, -5.97875111e-01,
        -8.92246700e-01, -1.27429050e+00, -2.52624695e-01,
         5.06142008e-01,  1.55648004e+00, -2.34512106e-01,
        -2.94442067e-01, -6.69303079e-02, -2.36850049e-01,
        -1.34790494e-01, -2.41812428e-01, -3.93412356e-02,
         2.59644757e-01,  4.15310102e-01, -2.03601002e-01,
         2.30558218e-01,  3.68329991e-01,  9.94100256e-01,
        -2.39976001e-01,  7.85645200e-01,  4.69751893e-02,
        -6.97089498e-01, -1.09907869e+00,  2.85565892e-01,
        -9.40527846e-01,  3.90536978e-02, -2.48198555e-01,
         2.82649477e-01, -2.89854870e-01,  1.12440756e+00,
        -1.66198733e+00, -2.04321289e-01,  6.76356122e-01,
        -3.94439929e-01,  9.92197873e-01, -1.53497415e-01,
        -1.25887616e+00,  3.62101861e-01, -8.79293725e-02,
        -3.04001430e-02, -2.93839482e-02, -1.28388514e-01,
        -7.12517867e-01,  1.99459722e-01, -1.09637393e+00,
         4.11828359e-01,  8.28966243e-01,  5.47332397e-01,
        -5.14991011e-01,  2.01675963e+00, -7.29795269e-01,
         2.23023303e+00,  5.35530628e-01, -3.54047734e-01,
        -2.38230559e-01, -7.29185446e-01,  9.84287997e-01,
        -5.31741987e-02, -4.52251663e-02, -8.26357834e-01,
        -6.26913527e-01, -1.68250548e-01, -3.38028597e-01,
         1.69911904e+00,  1.21115128e+00,  9.71206690e-01,
        -6.58561633e-01, -4.42921243e-03, -8.79917188e-01,
        -1.51062450e+00, -7.72842377e-01,  3.02338836e-01,
         3.05646713e-01,  7.69770455e-01,  5.81131729e-01,
         3.92712209e-01, -1.15431985e-01,  4.66757554e-01,
        -2.13092923e-01,  5.04483847e-01, -1.48642028e+00,
         1.45357301e-01,  4.91134942e-01,  4.52860077e-01,
         6.47576284e-02,  6.97902373e-01,  4.09196257e-01,
         3.15663802e-01,  1.61455002e+00, -3.69167259e-02,
        -2.71496557e-01, -4.32091890e-01,  9.56057496e-02,
         1.23675189e+00,  8.41017670e-01, -1.11741441e+00,
        -1.18107383e-01, -2.87427290e-01, -1.04757166e+00,
        -5.58394122e-01, -1.29266874e-01, -6.35656503e-01,
         6.88488278e-01, -4.66446093e-01, -7.23567546e-01,
         1.18106208e+00, -6.64323753e-01,  2.56878423e-01,
         4.70306033e-01, -1.69919684e+00,  1.02016376e+00,
         6.06542549e-01, -8.40154855e-02,  5.98764261e-01,
        -4.84945834e-01, -2.27294915e-01,  4.26625317e-01,
        -5.17260662e-01,  6.24341238e-01, -1.31322366e-01,
        -4.56359192e-01,  2.54649018e-01,  4.23344484e-01,
         6.40653637e-01, -1.15300805e+00,  6.47539047e-01,
         7.09551738e-01,  1.24099488e+00,  2.87238740e-01,
        -9.28105487e-01, -6.96439235e-01,  1.33225210e+00,
         1.17416919e-01,  4.73688055e-01, -2.36527367e-01,
        -1.57030709e+00,  4.56632538e-01,  5.29327003e-02,
         2.95639319e-01,  2.30790466e-01,  4.60225593e-01,
        -9.03140088e-01, -2.82802429e-01,  5.62832040e-01,
        -2.10172297e-01,  2.16454591e-01, -1.55278000e+00,
         2.15147734e-01,  9.95343176e-01, -2.57535986e-01,
        -9.49326509e-01,  1.40444037e-01,  3.36257506e-02,
        -8.63990644e-02, -7.52253035e-01, -5.63161346e-01,
         8.97410882e-01,  1.02901515e-02,  5.76848000e-01,
         6.04473530e-01,  1.06120877e-01,  2.02807284e-01,
         3.82874673e-01, -1.13501422e+00,  8.96391630e-01,
         8.43213248e-01,  1.02828295e+00,  3.58609530e-01,
         4.51296354e-02, -3.11693136e-01, -6.98506291e-01,
         1.27092596e+00, -8.68341315e-01,  2.13077096e-01,
         5.34518826e-01,  9.55634623e-02,  3.89956847e-01,
        -2.58502323e-01,  4.82583937e-01,  4.29710009e-01,
        -8.99847134e-01, -4.80272402e-02, -1.86910098e+00,
         1.14351803e-01, -3.77898761e-03, -3.46875045e-01,
         2.70658508e-01,  9.21628395e-02,  7.62556988e-01,
        -2.98365539e-01, -4.28612184e-01, -2.58189185e-01,
        -1.11667676e+00, -4.67491340e-02,  3.42697758e-02,
        -3.05905425e-02,  9.65939385e-01, -1.43517456e-02,
         7.20030899e-02, -2.19972892e+00,  6.08740593e-01,
         2.00819544e-01, -6.76909526e-01,  4.79737201e-01,
        -6.59663417e-01, -9.26231422e-01,  9.48849250e-01,
        -3.52314375e-01, -1.53224915e-01, -3.18149864e-01,
         4.72859610e-01,  3.48420281e-01,  6.18912380e-01,
         4.09246485e-01, -1.74268084e-01, -5.88865117e-01,
         9.05710687e-01,  1.07899237e-01, -1.21275050e+00,
        -6.93293749e-02,  1.55622872e-01, -4.48779552e-01,
        -6.15546222e-01,  4.59844517e-01,  3.02845295e-01,
         3.20791587e-01,  9.57099710e-02,  1.43718829e-01,
         1.20192746e+00,  5.85835534e-02, -7.49475605e-02,
        -7.22695921e-01,  6.82448580e-01, -5.55249286e-01,
        -1.90830350e-03, -1.10904703e+00,  6.84024251e-01,
        -9.15127178e-01,  2.47183605e-01, -1.19057361e+00,
        -1.20197513e+00,  6.74345688e-01,  3.23024234e-01,
         1.96036531e-01,  7.84199730e-02, -1.08826445e+00,
        -4.33069008e-01, -9.09396098e-01,  9.69689090e-01,
        -4.23445210e-01,  6.06758703e-01,  6.34050071e-01,
        -8.86022020e-01,  6.02380962e-01, -5.85004564e-01,
        -4.57139121e-01, -4.70437658e-01,  5.15060404e-01,
         1.04154379e+00, -9.57045980e-02,  1.10762915e-01,
         8.36571714e-01, -7.90836537e-01, -5.87775044e-01,
         9.50341024e-01, -9.13430676e-01,  6.59343048e-01,
        -5.96260470e-01, -3.58991578e-01,  4.02766355e-01,
        -1.80892069e-01, -1.32955717e-01,  1.94207779e-01]]), array([101.75361854])]]
Dataset str(1)
Time elapsed in seconds
1.332944631576538
[19, [array([[ 0.4434136 ,  0.29719237, -0.15265668,  0.92177321,  1.05183097,
         0.27375385,  0.98701266, -0.29761282, -0.13177449,  0.06616401,
        -0.05184018, -1.39129146, -0.05859511,  0.43759167, -0.01576033,
        -0.33896466,  0.40038501,  0.36863266,  0.70457843, -0.88058526,
        -0.62025529,  0.03418161, -0.11565483,  1.1157785 ,  0.47055374,
         0.74669959,  0.83657996,  0.58272728,  0.47046654, -0.03423166,
         0.88017435, -0.14002578,  0.9486957 ,  0.11403246, -0.67273786,
         0.86169956,  0.08895376,  0.24333908,  0.39406918,  0.61936671,
        -0.15287711, -0.63931237,  0.04198698,  0.99103089,  0.08776248,
        -0.27788036,  1.41976606,  0.79899561,  1.05764961, -0.33570985,
         0.83098032,  0.41356488, -0.41782369,  0.28927152,  1.83420312,
        -1.05929747,  0.02328699, -0.30700314, -0.14590702, -0.15752046,
        -0.22334923, -0.59032963,  0.63961031, -0.40529744,  0.33721712,
         1.14039115, -0.44708096, -0.35459208,  0.43536114,  0.16303008,
        -0.52763813,  0.21661557, -0.7019201 ,  0.11222176, -0.85507931,
         1.33637607, -0.98639322,  0.72793264, -1.0958082 ,  0.02600515,
         0.72537156,  1.62139629, -0.045255  , -0.16203938,  0.43906126,
        -0.29616732, -0.45683781, -0.58607583, -0.22384207, -0.13092748,
        -0.19024584,  0.79182136, -1.63270807, -0.88623291, -0.53912056,
        -1.36518045,  0.58968118, -0.00247553,  0.36415003,  0.63579878,
         0.58559492,  0.68907573,  0.26436113, -0.25521351, -0.52700737,
         0.40799468,  0.86877721, -0.2463556 , -0.3821361 , -0.13748098,
        -1.11019753, -0.40268053,  0.71032227, -1.09282486, -0.67543009,
         0.14900004,  0.58735628, -0.14612563,  0.33593841, -0.2556445 ,
         0.93492996,  1.42335104, -0.05101981,  1.21663597, -0.03680393,
         1.29044107,  0.36325739,  0.62155796,  0.57987183,  0.80233504,
         0.23613994, -0.6268564 , -1.2745625 , -0.0496583 ,  0.69951845,
         0.01261701, -0.10635238, -0.13337768, -0.36385624,  0.11871115,
        -0.08909928,  0.41308013, -0.8158977 ,  0.97227866, -0.96433281,
         0.69817178,  0.47783478,  0.18282002,  0.65116605,  1.68265224,
        -0.45682483,  0.516216  , -0.24274302,  0.62683095,  0.45337967,
        -0.88410177,  0.75211655,  0.02044506, -1.33620713, -0.21766701,
         0.90228287, -0.00872252, -0.37871059, -0.92303999, -0.40365857,
         0.97504075, -0.34822987, -0.53015337,  0.37563561,  0.37423406,
        -0.52196828,  0.63905726,  0.21293467,  0.07295396, -0.11636816,
        -0.63902456, -0.83166888,  0.59275069, -1.00132539, -0.22042259,
         1.20291888,  0.1594676 , -0.68322077,  0.12956286, -1.1864685 ,
         1.19740955, -0.16715944,  1.1916692 ,  1.83641717, -0.16498876,
        -0.57108436, -0.13106847,  1.62632399, -0.73982862,  0.48037931,
        -0.64722307,  0.60435206,  0.58409972,  0.34087997,  0.90037325,
         0.3010308 ,  0.27532294, -1.15408505, -0.52172865, -0.73637958,
         1.39057944,  0.23949783,  0.67090596,  0.7525199 , -0.83351709,
         0.49091623, -0.35282893, -1.0571472 ,  0.0807513 ,  0.65808399,
         0.19252124,  0.00743992, -0.72887244,  0.27214276, -0.44671178,
        -1.1048447 , -0.21649296, -0.05701603, -0.60258036, -0.40796393,
         0.78641533, -0.298776  ,  0.1815595 ,  0.41878627, -0.00478307,
         0.85403363,  1.26102264,  0.51095811, -0.88664357, -0.32554607,
        -0.82748212, -0.0471008 , -1.16699964, -1.44148466, -0.27950991,
         0.22177997, -0.13412749, -1.4569649 ,  1.82925661,  0.07792677,
        -0.38692637,  0.6938604 , -0.90520066, -0.54242031, -0.81338966,
         0.9952944 ,  0.50165912,  0.96990258,  0.69610808, -0.22252633,
         0.47081843,  0.37278459,  0.18942126, -0.15010734,  1.23060005,
         0.83195392, -0.16594879, -0.6131995 ,  0.70186135, -0.17582689,
         1.04815035, -0.57033301, -0.28857497, -0.09863678, -1.30847559,
        -0.90563898,  0.45791045,  0.14641763,  0.68010929, -0.27144409,
        -0.42299671, -0.14166199, -0.20170712,  0.23858221, -0.58640909,
        -0.19743632, -0.20161551, -0.3781334 ,  0.5685779 , -0.71583634,
        -1.4761035 ,  0.75561498, -1.8110505 , -0.04534321,  1.26625439,
        -1.12448589, -0.84862786,  0.25292763, -0.34361271,  0.72373714,
        -0.90745874,  0.36778477,  0.7138339 , -0.63031641,  0.25790849,
        -0.26410755,  0.44838538,  0.1129036 , -0.7408613 , -0.58493549,
         0.90583999, -0.39040764,  0.77690877, -0.28184525]]), array([72.7047171])]]
Dataset str(2)
Time elapsed in seconds
0.9333257675170898
[19, [array([[ 5.47306086e-01,  3.92042443e-01,  2.42373430e-01,
        -2.88554080e-01, -8.41741678e-01, -1.52279833e+00,
        -2.51084724e+00,  1.70187945e+00, -1.26446609e+00,
         1.16840811e+00,  4.03284506e-01,  1.23542558e+00,
         6.94100785e-01, -1.45479787e+00, -1.67318201e+00,
         6.38113425e-01,  8.65990101e-01,  2.40091110e-02,
        -1.79265648e-02, -5.09287828e-01, -1.17623588e+00,
         5.28607668e-01,  5.01962145e-02, -1.68392150e+00,
         7.83755461e-01, -1.68231773e+00, -1.46670159e+00,
        -1.44841477e-01, -2.13004619e-01,  1.51454131e-01,
        -9.13350419e-01, -1.62171852e-01, -1.21522846e-01,
        -2.03206639e-01,  4.42387336e-01,  6.86004059e-01,
        -1.28100488e-02, -1.04141173e-01, -9.18917859e-01,
         5.65030078e-01, -4.74927795e-02,  5.02728777e-01,
         1.52910465e+00, -1.27849687e+00, -1.43011411e+00,
        -9.06266440e-01,  1.34797623e+00, -2.57285547e+00,
         3.54014030e-01, -8.26857931e-02, -9.99227896e-01,
         3.69287905e-01,  8.35896449e-01,  1.09627043e+00,
        -1.03921777e+00, -1.02599431e+00,  2.25361763e+00,
         1.82827653e-01,  6.27236085e-01,  1.39794852e+00,
        -1.00296060e+00, -3.74096500e-01, -1.40594770e-01,
        -4.88638469e-01,  1.01119228e+00, -1.75799672e-01,
        -1.14087251e+00, -1.02016379e+00,  1.08200437e+00,
        -6.38557609e-02,  4.81292204e-02,  8.22899764e-01,
        -8.96580909e-01, -1.66787680e+00, -9.21941120e-01,
        -3.04984392e-02, -7.66180550e-01,  5.72052421e-01,
         7.49824687e-01,  1.31496976e-01,  1.89122072e-02,
        -1.23152533e+00,  6.24368578e-01, -9.22099960e-01,
         2.01300828e-01,  1.96946664e+00,  1.18687809e+00,
        -1.19109858e+00,  8.64944048e-01, -8.61140588e-01,
         7.91499547e-01, -3.37628797e-01,  2.68083450e-01,
        -2.74327767e-01,  1.78349022e-01, -7.51347383e-01,
         3.75171679e-01,  6.66715502e-01, -5.32920988e-01,
         1.08840196e+00, -2.59585497e-01, -3.26191845e-02,
        -3.73601799e-02, -1.09192570e+00,  6.59006147e-01,
         7.33365474e-01, -7.54518098e-01,  9.87810468e-01,
         6.97602165e-01,  3.70340621e-01, -6.88086591e-01,
         5.87763666e-01, -9.11932438e-02,  4.78918902e-01,
         3.76165694e-02, -5.18642242e-01, -1.10687660e+00,
         1.36256723e+00,  8.51603121e-01, -7.93898123e-01,
        -6.71887475e-01,  4.07909792e-01,  7.45515322e-01,
         1.71760947e+00, -6.15009487e-01, -2.51313313e+00,
        -3.45270540e-01, -7.21160352e-01,  9.68811614e-01,
        -5.38866942e-01, -1.95647270e+00,  2.19426605e+00,
         6.67444130e-01,  1.02261295e+00, -3.33771593e-01,
         1.61467894e+00,  4.10604619e-01, -1.59611303e+00,
        -8.85711817e-01, -5.96495682e-01,  1.51687117e+00,
         2.15836533e-01, -1.89745230e+00, -1.98729965e-01,
        -5.99252402e-01,  4.69104419e-01, -4.13189143e-02,
        -1.39419782e+00, -7.28228168e-01, -1.23738731e+00,
        -5.86799855e-02,  8.82799762e-02,  1.52120023e+00,
        -7.48779412e-02, -5.13254058e-01,  2.08390958e+00,
        -3.48007399e-01,  3.51029608e-01,  9.93866790e-02,
        -9.04580478e-01, -7.51589090e-01, -6.87659660e-01,
         3.92491110e-01,  3.44381117e-01, -1.46139312e-01,
        -3.84280011e-02,  4.43691293e-01,  4.73846667e-01,
         2.38425872e-01, -4.04597838e-01,  2.27386980e-01,
        -1.64563071e+00, -4.07518011e-01,  7.07129223e-01,
        -1.89022001e+00,  6.40545725e-01, -1.24658217e+00,
        -2.67499178e-01,  1.57157783e+00, -1.28188338e+00,
        -8.97371368e-01,  9.13505812e-01,  1.21916074e+00,
        -1.14504514e+00, -3.10490294e-01,  8.95071485e-01,
        -6.08711997e-02, -5.85343280e-01,  4.34605802e-01,
        -4.58389805e-01,  1.25180062e+00, -1.07760023e+00,
         1.99709678e+00,  1.49908525e-01, -1.06002705e-01,
         5.22537371e-01, -8.74668796e-01,  2.90045670e-01,
        -4.97749828e-01,  2.39523919e-01,  7.91866132e-01,
         2.88881646e-01, -1.19511223e+00,  5.07163174e-01,
         3.75090556e-01,  7.30490846e-01,  3.24621309e-01,
         3.22693334e-01,  8.75866012e-02,  8.04221910e-01,
        -1.37165832e-01, -5.75712140e-01, -9.37213587e-01,
         2.07469006e-01, -5.45891361e-02,  3.67748371e-01,
         1.01105955e+00, -5.06710077e-01,  7.71277506e-01,
        -2.06535982e+00,  3.14466103e-01,  3.17325552e-01,
         1.26572601e+00, -3.61829453e-01, -1.06204950e-02,
        -7.77458327e-01, -5.03855035e-01, -1.10341037e+00,
        -1.01568961e+00,  9.55371013e-01,  1.62548769e+00,
        -7.06984425e-04,  9.71771880e-01,  8.01890543e-01,
        -2.44586262e+00,  9.57160910e-01,  1.06485222e+00,
        -1.47612213e+00, -7.94580497e-01, -1.34529747e+00,
        -7.87104577e-01,  1.14873472e+00, -6.11658132e-01,
        -6.22577531e-01, -3.25528713e-01, -3.11152742e-01,
         4.92947708e-03, -4.02811592e-01, -3.89844317e-01,
         3.81865716e-01,  1.65669449e+00, -3.43180213e-01,
         9.12136537e-01,  5.46762923e-01,  7.51682171e-02,
         3.55763220e-01,  7.19796173e-01,  6.73250354e-01,
        -4.78369602e-01, -9.76606727e-01, -8.54832548e-01,
         5.17457559e-01, -2.55442100e-01, -5.32797195e-02,
        -9.51423467e-01,  1.60483625e+00,  2.15882588e+00,
        -6.32218171e-01, -6.01144495e-01,  9.58377771e-01,
        -1.69765958e+00, -6.63967071e-01,  5.76298450e-01,
         5.73448795e-01,  7.83729337e-01,  4.12077635e-01,
         4.59595253e-01,  1.39756756e+00, -9.16165450e-01,
         6.50445326e-02, -3.53014125e-01, -1.48187543e+00,
         3.38023141e-01,  8.34861021e-01,  1.27765043e+00,
        -2.85552229e-01, -1.26257120e+00, -1.30179622e+00,
         4.94806710e-01, -2.68108297e-01, -6.22920460e-01,
         1.17300169e+00,  2.37584697e-01, -3.78611937e-01,
         7.54460496e-01,  8.30174378e-01,  4.86029142e-01,
        -8.54142467e-01, -1.42894441e+00, -1.85396385e+00,
        -5.34285797e-01,  1.70047133e+00,  5.54171755e-01,
        -1.03728170e-01,  1.09178370e+00,  1.05209307e-01,
        -1.82518753e+00,  1.05307888e+00, -4.91399168e-01]]), array([337.98546668])]]
Dataset str(3)
Time elapsed in seconds
0.8516542911529541
[19, [array([[ 6.81580412e-01, -1.11920215e-01,  1.17515080e+00,
         1.25845026e+00,  1.36879000e-01,  1.17450938e+00,
        -1.21938151e-01,  9.87585815e-01,  7.49278772e-01,
        -1.27427317e-02,  5.44492371e-01, -4.21203642e-01,
        -1.02525090e+00, -5.71270600e-01, -9.04621664e-01,
         2.37559349e-01,  4.57850463e-01,  8.53215693e-01,
         2.90921187e-01, -2.13049272e-01, -5.21020079e-01,
        -1.11405381e+00,  6.83374985e-01,  2.88335399e-01,
        -1.92391333e-01, -4.81405343e-01,  2.16823138e-01,
        -5.44494216e-01,  7.94190174e-01, -9.34552376e-01,
        -1.19036224e+00,  6.25959045e-01,  1.15926970e+00,
         6.45912954e-01, -2.44256529e-01,  1.78170063e-01,
        -1.05981788e+00, -8.70947098e-01,  1.68457027e-01,
        -3.91348498e-01,  7.93537039e-01,  1.99868977e-01,
         6.58695211e-01, -1.30797904e-01,  9.51661256e-01,
        -1.19509673e+00, -5.36584602e-01, -6.11504199e-01,
        -3.85941994e-01,  5.98575460e-01, -1.18748293e+00,
        -1.03699833e-01,  3.10791470e-01,  8.20592683e-01,
         1.99235862e+00, -2.21915738e-01,  3.01045385e-01,
         7.98550636e-01, -5.96764429e-02,  4.80473348e-02,
         1.21334635e-01, -1.74716426e+00,  1.09049430e+00,
        -1.72700769e-01, -1.69882554e+00,  1.33996224e-01,
         5.56918424e-01,  2.58852663e-01,  1.56013344e+00,
         6.85007009e-01, -4.64776037e-01, -4.88087317e-03,
         1.79185423e-01, -6.04547848e-01, -5.46617456e-01,
         1.71890965e+00, -1.80277815e+00, -3.11015132e-01,
         4.67224946e-01, -6.44098354e-01,  5.54373402e-02,
        -1.38758962e-01, -1.62330658e+00,  9.70157822e-01,
        -3.26026241e-02, -5.62941949e-01,  9.18014404e-01,
         5.55764425e-01,  4.06724622e-01, -4.00602218e-01,
         2.71139999e-01,  5.32501476e-02, -4.49139833e-01,
         5.19870637e-02,  9.79868412e-01,  1.96241299e-01,
        -7.36700743e-01, -1.07085756e+00,  1.37489344e-01,
         1.68635961e+00, -1.71476575e-01,  4.81784475e-01,
        -7.01103011e-01, -2.05892598e-01,  6.50798623e-01,
        -7.55614842e-01,  3.43368709e-01,  6.57944847e-01,
         5.82553915e-01, -2.87777305e-01,  7.03277741e-01,
        -3.73725870e-01, -2.72968350e-01,  4.67525811e-01,
         2.17278575e-01, -5.76547047e-02,  2.07532317e-01,
         8.74819454e-01,  5.31735281e-01, -1.00431727e+00,
        -3.43023578e-01, -2.35476979e-02, -3.10037589e-01,
        -6.56454464e-01,  5.08291936e-01,  6.67511122e-01,
         3.73312688e-01,  5.83207388e-01,  8.38140396e-02,
        -6.22280408e-01,  4.12804031e-01, -7.73780541e-01,
        -6.49900811e-02,  1.11722620e+00, -3.47153828e-01,
         8.24228381e-01,  7.70839991e-01,  1.88685072e-01,
        -1.51927435e-01, -6.08861626e-01, -1.63976840e-02,
        -3.52894538e-01, -1.76045432e-01,  4.05693994e-01,
        -3.77532167e-01,  1.16360703e-01,  8.82073604e-01,
        -9.52653930e-01,  3.01217533e-01,  1.12245144e+00,
         2.95657866e-01, -5.34100726e-01, -1.79636207e-01,
        -6.77267401e-01, -3.80567375e-01, -1.43458486e-01,
        -4.77449253e-01, -1.05770940e-01, -5.90330207e-01,
        -1.37093358e+00, -1.99694468e+00, -1.37256938e+00,
        -6.43548487e-01, -6.66023684e-01, -2.87699455e-02,
        -4.37242246e-01, -4.09972441e-01, -1.13077620e+00,
        -1.08627165e+00,  2.65526832e-03, -7.60226652e-01,
         1.83621778e-01, -3.31440771e-01, -5.95855973e-01,
         5.56696490e-01,  1.25339174e+00,  2.57164947e-01,
        -4.38251279e-01,  2.83682966e-01, -1.07620960e+00,
         2.60936844e-01,  6.84520493e-02,  8.71426676e-01,
         8.00692749e-01, -8.54426945e-01, -2.14135464e-01,
        -1.38525612e+00, -3.98960328e-02, -4.47880231e-01,
        -4.74646428e-01,  1.41198074e-01,  8.75669819e-01,
         4.28725347e-01,  4.26835011e-01,  1.35157863e+00,
        -1.98607817e-01, -5.27489154e-02, -4.79237984e-01,
         5.94089895e-02,  2.65739400e+00,  3.10150641e-01,
         2.96321986e-01, -1.60973112e+00,  2.92538555e-01,
         1.08088152e+00, -7.04428619e-01,  5.11341633e-01,
        -1.82303056e-01, -1.80994855e+00, -4.10793286e-01,
        -1.41216617e+00,  2.22879688e-01, -1.57463049e+00,
         1.43526912e-01, -5.44483142e-01, -2.63354936e-01,
         2.71209762e-02, -5.57623203e-02,  4.19587486e-01,
         1.58790396e+00, -1.28929926e+00,  4.09963751e-01,
        -1.97893439e+00, -1.10955671e+00, -1.19506562e+00,
        -1.09310527e+00, -9.06082650e-02, -2.59268579e-01,
         2.52755446e-01,  2.58056732e-01, -2.13141303e-01,
        -6.00776186e-01, -9.22878656e-01,  2.38482823e-01,
        -5.60950397e-01,  6.53364309e-02,  2.04120647e-01,
         8.43110246e-03, -1.88343889e-02,  3.17536081e-01,
         2.73917621e-01, -4.90553362e-01,  6.22628206e-01,
         3.21390727e-01,  8.32483593e-02,  8.17222024e-01,
        -1.88037327e-01, -2.74136476e-01,  1.50165555e+00,
        -1.76120215e-01,  1.80871701e-02, -2.07555666e+00,
         1.20071574e+00,  1.54640334e+00,  8.51217853e-01,
         3.69788561e-01,  1.39001026e+00,  1.15479623e+00,
         1.01671365e+00, -7.29519982e-01, -4.10450978e-01,
        -1.05659876e-01,  3.04695339e-01, -9.79861695e-01,
         2.55767309e-01, -1.45871302e-01,  5.24284540e-01,
         1.18377363e+00,  3.43919262e-01,  1.51319290e-01,
         1.51522450e-01,  3.48112279e-01, -6.44285762e-03,
        -1.10320516e-01, -3.42867767e-01,  3.65957696e-01,
        -3.33475790e-01,  6.00261628e-01,  5.13170075e-01,
         8.39656517e-01,  1.36694306e+00,  2.46084193e+00,
         2.41809265e-01,  9.87606495e-01,  1.13987816e-01,
        -8.73585177e-02,  9.54462420e-01, -2.64848577e-01,
        -7.17955442e-01, -2.99197227e-01,  8.95678049e-02,
        -1.35502448e+00,  4.03749414e-01, -1.27178388e+00,
        -6.66702436e-01,  9.12305357e-01, -7.39175079e-01,
        -8.81661762e-02,  1.26847090e+00, -3.02242689e-01,
         5.34800033e-01, -1.21219995e+00,  3.54758712e-01,
        -5.86503356e-01,  5.61713770e-01,  4.07110266e-01,
        -9.89715376e-01, -4.65810644e-01,  3.31345159e-02]]), array([67.52112026])]]
Dataset str(4)
Time elapsed in seconds
0.45446252822875977
[19, [array([[ 4.99526286e-01, -1.94683696e-01,  8.37970274e-01,
         3.70709824e-01,  8.85432171e-01,  2.75589666e-01,
        -4.73196502e-01,  3.04644151e-01, -2.28579576e-01,
         2.63982352e-01,  1.16678809e+00, -3.21026705e-01,
         2.60171261e-01,  2.58318508e-01, -2.15872519e-01,
         4.06790994e-01, -3.80052741e-01, -2.94682293e-01,
        -4.18461493e-01, -3.79251576e-01,  1.44783996e+00,
        -2.41472289e-01,  2.92684427e-01, -4.29955268e-01,
        -9.91392561e-02,  2.74584080e-01,  2.67222936e-01,
        -1.48494740e+00, -1.13281372e+00, -7.92008603e-01,
        -8.01897603e-01, -4.97180673e-01,  1.03877852e+00,
         5.72799310e-01, -8.81212440e-02, -1.08523895e+00,
        -4.48341490e-01,  2.20895394e-01, -6.00491297e-01,
         1.82878437e-01,  1.63537076e-01,  6.92288709e-01,
         3.26293613e-01, -3.10158389e-01,  1.90939816e-01,
         1.20737880e+00, -7.87503900e-01,  4.19895715e-04,
        -1.16018593e-01,  2.48573143e-01, -2.20876331e-01,
        -9.65799232e-01,  6.75499908e-03, -2.24396774e-02,
        -7.42822416e-01,  7.13998921e-01,  3.94596048e-01,
        -1.43372264e+00, -1.41595859e+00,  2.62585457e-02,
         8.00911812e-01,  8.15250503e-02, -5.50032267e-01,
        -1.87389920e+00,  1.99674261e-01, -5.62685773e-01,
        -4.23912135e-01, -3.85423556e-01, -8.45957391e-01,
         1.35862284e-01, -1.17673687e-01, -1.45548001e+00,
         6.56639346e-02,  3.06766028e-01,  2.83769875e-01,
         8.13531633e-01,  1.92390493e-01, -1.28809721e+00,
        -1.00038045e-01,  2.84254345e-01,  1.01683049e+00,
         8.02435922e-01,  4.81904825e-01, -1.19654738e+00,
         5.03540951e-01, -1.60966146e+00, -1.12496462e+00,
         1.14229986e+00,  1.22037282e+00, -2.41732979e-01,
         6.16089960e-01,  8.68802733e-01, -7.93020514e-01,
         1.16592493e-01,  2.13817859e-01, -1.03813926e-01,
        -1.71600293e-01, -9.00561659e-01,  2.20884856e+00,
         1.01627569e+00, -4.36762006e-01,  1.98408739e-02,
         1.24934947e-01, -3.37150992e-01, -4.58998826e-01,
        -8.11962987e-01,  4.24101107e-01,  1.60495187e+00,
        -8.63414571e-01,  1.19412132e+00, -4.27621715e-01,
         1.72151015e+00,  9.05144935e-01, -8.24174537e-01,
         7.25951500e-01, -6.51829221e-01,  7.38883077e-01,
         1.57583846e+00,  1.74785605e+00,  9.48289647e-01,
         8.08793129e-01,  1.06709636e+00,  1.36728117e-01,
         4.01242645e-01,  1.48904556e+00,  1.33126982e+00,
        -1.11165148e+00,  5.80021085e-02,  1.00467430e+00,
         3.04328852e-01, -3.33368298e-01,  8.66489659e-02,
        -2.28171679e-01,  4.17663164e-01, -1.13103412e-01,
        -2.78936590e-01,  2.18863614e-01, -6.08400827e-01,
         2.14558420e-01,  3.76373156e-01, -9.31228776e-01,
        -1.41343136e+00, -2.92914779e-01,  3.42071267e-01,
         1.11694039e+00,  5.26933896e-01, -2.07896716e+00,
         1.21764841e+00,  2.24005311e-01, -1.87991738e-01,
         1.79810267e-01, -2.96065904e-01,  1.27014542e+00,
        -4.74675033e-01, -1.25499698e+00, -6.55283238e-01,
         2.62599515e-01, -1.09659618e+00, -3.97629558e-01,
        -6.78035355e-01,  1.66408734e+00,  1.14357367e+00,
        -5.84453196e-01, -5.00656211e-01,  1.31990043e+00,
         5.18820152e-01,  1.07513636e+00, -1.61345713e+00,
         5.32486435e-01, -2.20842258e-02, -2.80539770e-01,
         5.94338068e-01, -1.27022071e-01,  6.66440681e-01,
         1.01902782e-01,  3.81495341e-01, -1.30390826e+00,
        -1.78882252e-01,  1.01872806e-01, -3.58638760e-01,
        -7.41820456e-01,  3.24713898e-02, -1.40838183e+00,
         2.75817568e-01,  3.87271608e-01, -8.82087064e-02,
         9.44208765e-01,  1.75582443e-01, -8.21340262e-01,
         7.40998812e-01,  2.98672004e-02, -2.88045980e-01,
        -8.09246690e-01, -2.08099629e-01, -6.87512484e-01,
         9.75883069e-01, -7.23659528e-03,  8.62774916e-01,
         3.64918617e-01,  4.46379825e-01, -1.37352385e+00,
         8.49687709e-01, -3.21829661e-01, -5.78295492e-01,
        -1.88737799e-01,  1.23602947e+00,  4.74459899e-01,
        -1.11897984e+00,  1.33277726e+00, -3.38225200e-01,
        -1.02720935e+00,  7.92614101e-01, -1.13652386e+00,
         8.93178891e-02, -1.20945703e-01, -2.35711824e-01,
         6.78362611e-01,  7.02688843e-01, -3.80003597e-01,
         1.08714915e+00,  2.40105982e-01,  1.75158477e+00,
         9.81634547e-01,  1.93986128e+00,  8.38367411e-01,
         2.53316362e-01, -5.03716578e-01, -3.11385654e-01,
        -3.58374213e-01,  5.97293127e-01,  4.49567631e-01,
        -2.45963836e-01,  6.48104561e-01,  4.19869917e-01,
         5.00069151e-01,  2.02409972e-01, -4.09970054e-01,
         1.09127952e+00, -5.06820540e-01, -4.27835442e-01,
         2.62807382e-01,  3.57558510e-01,  1.86587865e-01,
        -6.78317580e-01, -5.05017544e-01, -7.49528305e-01,
         9.21048318e-02, -7.80391610e-01,  1.85583191e+00,
         2.22566260e-01,  4.67353401e-01,  4.32199856e-01,
        -8.70976028e-01, -2.54559928e-01, -2.14216436e-01,
         8.58257232e-01,  6.86867694e-01, -2.18486505e-01,
         4.60812996e-01,  1.43537917e+00,  4.51743010e-01,
         1.94028422e-01, -5.32081248e-01, -1.16972184e-02,
         1.67651844e-01,  1.22656882e-01,  4.43079072e-01,
        -1.11719516e+00,  2.08333855e-01, -1.46263200e+00,
         4.63335048e-01,  9.66115812e-01, -2.13498445e-01,
         4.61842935e-01, -4.14324755e-01, -5.49268715e-01,
         2.66166499e-01, -3.61620830e-01, -5.40817121e-01,
        -1.20086023e-01, -6.53955696e-01, -5.33290404e-01,
        -1.18649608e+00,  9.20816093e-01, -1.79649669e-01,
        -5.41111560e-01,  3.77495940e-02,  1.26495703e-01,
        -7.92417088e-02, -1.30154428e-01, -1.42286597e-01,
         8.37431536e-01, -1.96691540e+00, -1.71026538e-01,
        -6.38186876e-02,  1.49622564e+00, -8.59851013e-01,
         9.23194981e-01, -9.34498504e-02,  7.00120584e-01,
        -2.30367673e-01,  5.42626539e-01, -3.02323713e-01,
         4.90327607e-01, -6.61383601e-01, -1.47178937e+00,
        -6.79371822e-02, -4.69034370e-01,  1.72739360e-01]]), array([22.06277582])]]
Dataset str(5)
Time elapsed in seconds
0.39873623847961426
[19, [array([[ 2.23810915e+00,  6.09020042e-01, -8.10926487e-01,
        -6.56188835e-01,  8.65940272e-01, -2.16532017e-01,
         6.26002513e-01,  6.65330595e-01,  2.29464959e-01,
        -5.20948203e-01,  1.06557863e+00, -2.09367957e-03,
         5.42122169e-01, -1.13527952e+00,  2.82961106e-01,
        -1.66177697e-01,  1.32835005e-01,  7.77737743e-01,
        -3.58082048e-01, -1.88397667e-01,  9.14521163e-01,
         4.08630552e-01,  3.66338542e-01, -2.49146787e-01,
         7.44096535e-01,  1.56835062e+00,  9.90581275e-02,
        -1.07644144e+00, -1.03671073e+00,  9.64782100e-01,
         5.70470087e-01,  1.33528536e+00, -5.32440510e-01,
        -4.40887243e-01,  1.06073952e+00,  3.26873487e-01,
         3.02010365e-01,  1.33235472e+00,  1.67074061e-01,
         5.14272876e-01,  5.26912140e-01, -4.96958860e-01,
         6.30275625e-01, -5.31691926e-01, -1.45014284e-01,
         1.72414011e-01,  8.22134859e-01, -1.57167050e-01,
        -5.26153873e-01,  1.31129602e+00,  6.33045482e-01,
         8.49057969e-01, -5.57830871e-03,  2.65321406e-01,
         3.11234672e-01,  1.22777638e+00, -1.68613980e+00,
         3.72960723e-01,  1.81555786e-01, -8.62960435e-02,
         5.73881067e-01,  4.63026327e-01, -3.69159946e-01,
        -2.85109693e-01,  1.23945251e+00,  1.09202865e+00,
        -6.37693355e-02,  8.27292114e-01, -9.10768877e-01,
         1.06378317e+00, -6.14492268e-01,  7.60949460e-03,
         5.57637005e-01,  2.70666656e-01,  6.83987304e-01,
         9.39788082e-01, -9.49104224e-01, -3.48509819e-01,
        -3.80677531e-01, -1.72372174e+00,  1.17542925e+00,
        -1.21497943e+00, -6.81850515e-01,  1.14920441e+00,
         4.46612581e-01,  4.21170301e-01, -1.00625237e+00,
        -6.47809794e-01,  5.35078072e-01,  5.88786271e-01,
         6.32128711e-02,  4.44756640e-01,  6.73865929e-01,
         7.34868644e-01,  3.26221211e-01, -5.25635425e-01,
         1.57450441e+00, -3.54431171e-01, -3.47514260e-01,
         2.68230234e-01,  1.41466509e+00,  1.00943327e-01,
         6.17660684e-01,  2.24901183e+00,  3.82395407e-01,
        -5.52967898e-01, -1.18921668e+00,  2.26919788e+00,
         4.19739579e-01,  4.65319238e-01,  7.65563985e-01,
         5.21152403e-01, -1.50489477e-01,  8.16962087e-01,
         2.76835607e-01,  6.69656433e-01,  7.70554390e-01,
         5.21179353e-01,  2.89517150e-01, -4.78976184e-01,
        -5.10215552e-01,  5.30613744e-01, -7.99411580e-01,
        -1.15725943e+00, -1.16630842e-01,  1.16601053e+00,
         1.10826862e-01,  1.61755761e-01, -1.87751410e+00,
         1.46978758e+00,  2.12030818e-01,  1.16305565e+00,
        -1.00662000e+00,  8.80621274e-01,  4.66809573e-01,
         7.95908726e-02,  4.52036228e-01,  1.25473082e+00,
        -7.50233571e-01, -3.34217175e-01, -4.09490910e-01,
         1.02673530e+00,  9.26892382e-02, -5.82770210e-01,
        -1.14621651e+00,  9.66508349e-01,  5.53122761e-01,
         6.47376505e-01,  4.43885856e-01, -6.43820998e-05,
         2.67064474e-01,  1.18809325e+00,  2.37446440e-01,
         1.01123063e+00, -4.73997209e-01,  1.13063459e-01,
         4.73203147e-01, -3.12317146e-01,  3.92468769e-03,
        -1.26094296e+00,  9.25382053e-01,  4.97965087e-01,
        -5.41176058e-02, -3.10494656e-01,  2.74022932e-01,
         3.06264483e-01,  1.69560176e+00, -1.81529091e-01,
        -4.72457722e-02,  3.66126804e-01,  2.39944527e-01,
        -8.74813441e-02, -5.09765043e-01,  1.33054535e-01,
        -7.17303256e-01,  5.81963290e-01, -3.03124834e-01,
         3.01627623e-03, -6.58624541e-01,  9.89182518e-01,
         1.10029701e+00, -2.27964804e-01, -1.07787877e+00,
        -4.08881624e-01,  4.86545999e-01,  6.70322787e-01,
         6.59826266e-01,  1.00374852e+00, -2.27407006e-01,
         1.11116317e-01,  9.59551380e-01, -3.42318566e-01,
        -7.03128176e-01,  1.45158691e+00, -6.80549718e-01,
         4.33795731e-01,  9.75201149e-01,  5.99285061e-01,
         5.49571271e-01, -3.01678799e-01, -3.01325449e-01,
        -7.31384683e-01,  2.33848891e-01,  6.95411038e-01,
         1.52596150e-01,  1.12528850e-01,  3.10242852e-02,
        -2.92506859e-01,  7.53574367e-01,  8.57423942e-01,
        -4.71619222e-01,  6.51080983e-01,  3.86675852e-01,
         5.43567599e-01, -1.15056571e+00, -2.47560210e-01,
         1.13892269e-01,  1.17576100e+00,  8.88077527e-01,
         6.47812920e-01, -2.00179121e+00, -6.26375018e-01,
        -3.19128982e-01,  2.43433754e-01,  3.92698974e-01,
         1.17581056e-01, -9.39272823e-01, -4.98847567e-02,
         9.94522196e-03,  1.36943155e+00, -5.29042465e-01,
         3.90717974e-01, -7.37090658e-01,  3.64565885e-02,
        -6.83011626e-01, -6.10482138e-02, -1.24848099e-01,
         2.31355704e-01, -7.55935572e-01,  8.48783577e-01,
         2.17586940e-01,  2.92663864e-02, -5.38891775e-01,
         2.67895795e-01,  2.66175116e-01, -3.38933934e-01,
         7.15735073e-01,  1.14184701e+00, -7.89135534e-01,
         7.87999742e-01, -5.98843287e-01, -1.85426269e-01,
        -1.03665251e-01,  1.10439198e+00,  7.12856726e-01,
        -1.26560683e-02, -5.55333792e-01, -1.90440632e-01,
        -6.34608872e-02,  9.41544084e-01,  5.83757771e-01,
         4.05019012e-01,  4.17106553e-01, -5.14190512e-02,
        -2.56515841e-01, -6.47353787e-01, -1.27936149e-01,
         4.61055418e-01, -7.44950832e-01,  9.22076098e-01,
        -1.37794181e+00, -1.70947393e-01,  1.23571959e+00,
        -3.55794849e-01,  1.45723476e-01, -1.76517531e-01,
        -6.62180794e-01, -3.86241229e-01,  3.07524533e-02,
         2.81506584e-02,  2.09474336e-01, -2.69123178e-01,
        -1.17348518e-01, -1.93966304e-01,  4.72750227e-01,
         8.43598221e-01, -4.97590224e-01,  1.14071795e+00,
        -7.96058317e-01,  2.07829306e-01, -1.53009876e+00,
        -7.25587917e-01,  3.84103404e-01,  8.73113854e-01,
         6.45373012e-02, -1.88866858e-01, -3.57413831e-01,
         7.84971593e-01, -2.10377460e-01,  7.16473425e-01,
         2.84131377e-01,  1.08972667e+00,  2.71189596e-01,
        -4.02789731e-01, -2.67464947e-02,  9.30983060e-03,
         6.14732405e-01, -1.63506398e-01, -7.37234405e-01]]), array([4.22111163])]]
Dataset str(6)
Time elapsed in seconds
0.1621556282043457
[19, [array([[-1.14658126e+00, -2.95469604e-01, -2.82262921e-02,
         6.72819580e-01,  4.36116970e-01, -7.41118832e-01,
         1.24423139e+00, -8.74615456e-01,  1.21347891e+00,
         3.89672870e-01, -3.12110062e-01,  2.40049981e-01,
         8.23743665e-01,  3.47479033e-01, -1.85664148e-01,
         9.90328260e-01, -8.36564411e-01, -1.07012728e+00,
        -7.12892011e-01,  6.38556325e-01, -8.06274334e-01,
         1.22021619e+00, -8.10701055e-01, -8.94485514e-02,
        -2.18909469e-01,  5.00542628e-02,  6.05594671e-01,
        -7.05169217e-01,  1.07164633e+00,  6.32639726e-02,
         8.88003542e-01, -8.18183733e-01,  1.47633642e+00,
         6.15755680e-01,  1.56816943e-01, -3.21296661e-02,
        -1.60253079e+00, -1.94198224e+00,  9.76695197e-01,
         2.17602849e-01,  7.04425902e-01, -2.71860081e-01,
         1.86651580e-01, -1.05239537e+00, -7.11769712e-01,
         3.56683097e-01,  9.83152334e-02, -7.22953029e-01,
        -2.69354940e-01,  1.33218079e+00, -3.25248095e-01,
        -9.96835970e-01, -5.88308778e-01, -3.19527880e-01,
         7.73296036e-01, -7.78379466e-01,  6.56922740e-01,
         3.02124730e-02, -4.86803218e-01, -1.14506175e+00,
        -5.48180919e-01, -6.38372108e-01, -8.47129409e-01,
        -2.69989280e-02,  9.69530033e-01, -2.45737475e-01,
         4.82231021e-01,  1.52182334e+00,  4.33277908e-01,
         2.02030963e+00, -1.72276095e-01,  9.67776295e-01,
         1.14193167e-01,  1.38320784e-01,  3.74381163e-02,
        -2.52571182e-02,  9.04555867e-01,  1.25859951e+00,
        -8.35279959e-01,  5.88897859e-01, -1.98665040e-01,
        -2.43784833e+00, -3.04109991e-02, -2.00062005e-01,
         1.33229347e-01,  1.14620841e+00, -5.86455291e-01,
        -1.09925622e+00, -1.52202827e+00,  1.04502302e+00,
        -9.00243165e-01,  1.40909144e-01,  3.39929951e-01,
        -4.49248408e-01,  5.46624284e-01,  4.59265782e-01,
        -4.09974415e-01,  8.34476161e-02, -1.03406824e+00,
        -1.02569767e+00, -3.82811879e-01,  6.72516639e-01,
         9.60531039e-01, -4.51025073e-01, -6.14517650e-01,
         3.20347831e-01, -1.50810198e+00, -9.53834010e-01,
        -2.61781008e-01, -6.38398285e-01, -8.92270271e-01,
         5.26631665e-01,  3.77846091e-01,  2.87912349e-01,
        -6.68671415e-01,  1.89583014e-01, -1.39265143e+00,
        -1.32742768e+00, -4.83102383e-01, -1.11644343e+00,
        -5.33341937e-02, -2.03475729e+00, -4.19706708e-01,
        -2.14414423e-01, -5.14328006e-01,  6.22019925e-01,
         6.64281336e-02, -2.35817359e-03, -3.34149121e-01,
        -1.06429041e-01, -7.97836598e-01, -2.16793548e-01,
        -8.65631687e-01, -5.82155251e-02, -1.28279876e+00,
        -6.75883013e-01,  1.07769000e+00, -7.14366484e-01,
         1.03494227e+00, -1.70886043e+00,  1.56917211e-01,
         2.23707172e-01,  8.16291445e-01,  1.48694495e-01,
         3.49505376e-01,  1.92653079e-01, -4.48569850e-01,
         7.22552388e-01, -8.91427355e-01,  5.91626100e-02,
        -8.83036360e-02, -3.70921098e-02,  1.37873603e+00,
        -1.01153974e+00, -3.39758967e-01,  1.21020610e+00,
         5.01144355e-01,  2.57680955e-01, -4.03026017e-01,
        -5.81818116e-01,  3.34848315e-01, -4.17456599e-01,
        -1.63737821e-01,  3.63692377e-01,  1.44380435e+00,
         1.01402728e-01, -2.33626849e-01, -1.19831613e+00,
        -5.73304478e-01, -8.23678512e-01,  3.39719867e-01,
        -1.97465095e+00,  1.16059238e+00,  3.56291511e-01,
        -2.66835546e+00,  1.41206024e+00, -5.23472000e-01,
         2.08825333e+00,  1.91166952e-01, -1.07995282e+00,
        -5.65425548e-01, -1.47414499e-01, -1.05799678e-01,
        -8.96859017e-01,  5.55444850e-01,  5.64324058e-02,
         1.06087963e+00,  1.75586228e-01,  1.73337480e+00,
        -1.22545033e+00, -1.46073459e+00, -4.07100003e-01,
         5.68923336e-02, -6.07561177e-01,  4.54932525e-01,
         1.41361608e+00, -2.59361639e-01,  6.40669200e-01,
        -4.56120066e-01, -6.03418557e-01,  8.08318390e-01,
        -5.16373846e-01,  4.96888879e-01,  1.15234101e+00,
         1.40432121e-01,  4.72170944e-01, -1.77113325e-01,
        -3.82473028e-01, -7.95607982e-01, -1.33362481e-01,
         1.24249858e-02, -2.28209576e-01, -7.79871972e-01,
         5.09974814e-01,  2.80107269e-01,  7.69660449e-01,
         4.71742178e-01,  6.18507878e-01,  5.25940206e-01,
        -1.01028219e+00,  5.35186037e-02, -1.68444738e+00,
         4.48319299e-01, -1.25136966e+00, -6.08315665e-01,
        -2.55961043e-01, -3.93833822e-01, -1.36122486e+00,
         1.50988539e+00, -9.15161558e-03, -1.40109195e+00,
         5.05635856e-01, -8.32584263e-01, -5.48849748e-01,
        -1.10988642e+00,  1.26328318e+00, -1.14567248e+00,
         4.22975242e-01,  1.54652111e+00, -1.90198847e-01,
         1.02475185e-01,  5.80693215e-01,  8.18463025e-01,
         1.53244375e+00,  2.65567478e-01, -2.15474060e-01,
        -2.88142995e-01, -2.51875148e-02, -2.54288542e-01,
        -7.08036298e-02,  1.35135981e-01,  1.72237382e-02,
        -4.11051402e-02, -7.71080994e-01,  5.94862658e-01,
         7.41949469e-01, -3.78425745e-01,  1.64649490e+00,
         2.10244512e-01, -1.53621025e-02,  5.28844596e-01,
         2.37192249e-01,  7.21082871e-01, -6.58942956e-01,
         9.42921025e-01, -9.11527496e-01, -1.41469641e+00,
        -1.18002972e+00,  3.78430901e-01,  3.32698093e-01,
         6.55596797e-01, -1.50404937e-01,  6.68536429e-01,
         4.49798139e-01, -2.72699227e+00,  1.24662062e+00,
        -1.07655881e+00,  4.36219242e-01, -3.30926408e-01,
         5.28892192e-02, -1.11195575e+00,  8.72104577e-01,
         3.14807879e-01,  7.29826302e-01,  9.28028134e-01,
        -5.48724713e-01, -7.84317856e-02,  1.59401110e+00,
         5.30296655e-02,  7.66417685e-01,  1.83437240e+00,
         9.87693488e-01,  4.66387689e-01, -9.82623666e-01,
         8.54290804e-01, -7.27673387e-01,  8.67882862e-01,
        -1.49264178e+00, -4.58189083e-01,  2.27077704e-01,
         6.12480666e-02,  2.16542918e+00, -1.68973328e-01,
         6.40387123e-02, -5.93156602e-01,  5.34661502e-01,
         6.27390533e-02,  9.58978643e-02, -1.52500205e+00]]), array([13.74911787])]]
Dataset str(7)
Time elapsed in seconds
0.19905900955200195
[19, [array([[-4.54523191e-01, -2.85877504e-01,  1.22190402e+00,
        -7.83342666e-01, -7.88607255e-01,  5.38479340e-02,
         2.40347208e-01,  2.04756128e-01,  3.20812262e-01,
         5.19813142e-01,  1.06414250e-01,  1.12018775e+00,
        -4.28651822e-01, -8.73061100e-01, -9.62979111e-01,
        -5.09720545e-01, -1.39279054e-01,  1.49070637e+00,
        -5.30984985e-01,  5.86618317e-01,  2.21203267e+00,
        -7.36990423e-01,  3.98565054e-01,  5.92695834e-01,
         9.84170137e-02,  6.60345787e-02, -8.25784007e-01,
         1.67636879e-01, -2.95490859e-02, -1.24481144e-01,
         4.36944282e-01, -1.12925664e+00, -8.05826376e-01,
        -1.35165891e+00, -1.59401795e+00, -7.01380773e-01,
        -4.05350310e-01,  8.60163690e-01, -1.37856321e+00,
         1.15329041e+00, -2.71706448e+00, -1.13522639e+00,
         8.37462060e-02,  1.25283967e-01,  9.10400907e-01,
        -9.92207214e-02, -1.71814848e-01,  3.33628913e-01,
        -1.10952988e-01, -3.87373872e-01, -4.27554906e-01,
        -9.53416092e-01,  7.45435025e-01,  8.99422309e-01,
         4.63749790e-01, -7.32073915e-01,  3.48771073e-02,
         1.09362988e+00,  5.26304608e-01, -3.15918348e-01,
         2.22778864e-02,  9.69147976e-01, -1.06809940e+00,
         5.36853990e-01,  2.56066813e-01, -4.00144296e-01,
         4.77934159e-02, -2.09376614e-01, -1.10585943e+00,
         4.81354751e-01, -2.94217184e-01,  3.83509327e-01,
        -8.68985316e-01, -8.81062064e-01, -6.46218469e-01,
        -7.71976819e-01, -1.39432139e+00, -6.98596871e-01,
        -9.40329154e-01, -3.78821708e-01,  2.31861149e-01,
        -1.72614315e-01, -1.11623068e+00, -5.28769047e-01,
        -8.26170266e-01, -1.36347408e+00,  6.06906773e-01,
        -1.63915195e+00, -1.15285517e+00, -8.27707587e-02,
         1.70741418e-01,  6.32583163e-01, -1.84463264e+00,
        -5.20291410e-01, -1.77541955e-01,  1.18250393e-01,
        -1.43902508e+00,  7.86996759e-01, -3.70198697e-01,
        -8.65473345e-01, -8.08222369e-01, -4.97621925e-01,
         1.24269979e-01,  1.22135236e-01,  7.84929663e-01,
         1.20996962e+00,  2.39191304e-01, -7.80114421e-01,
        -1.99040768e-01, -1.17831327e+00, -4.69125464e-01,
         8.44169335e-01, -1.24180836e+00,  9.46350255e-01,
         8.64335657e-01,  4.59315667e-01, -1.67184845e-02,
         2.05934664e-01, -1.60854629e-01, -1.70022019e-02,
         1.02206927e+00,  1.16976332e-01, -5.10473548e-01,
        -2.56001574e-01, -1.02672766e-01,  1.96839576e-01,
        -3.04258159e-01,  9.94018922e-02, -7.22724895e-01,
         3.78407602e-01, -1.12136735e+00,  9.50407077e-02,
         6.80146342e-01,  6.54112184e-01, -1.99765387e-01,
        -4.33881934e-01,  4.18060871e-01,  1.22664684e+00,
         4.95702785e-01, -6.63474230e-02, -1.13035039e+00,
        -1.76772237e-01, -5.33710825e-02, -1.92623202e-01,
        -2.51253774e+00,  5.93246692e-01, -2.52242818e-01,
        -2.57337064e-01,  8.38618299e-01, -1.34346482e+00,
        -7.70612015e-01,  4.47323002e-01,  4.03825292e-01,
         1.04272535e+00, -9.04065801e-01,  6.74736018e-01,
         1.74452959e-01,  1.18601604e+00, -6.85711499e-01,
        -7.59599823e-01, -1.27500354e+00,  2.61727298e-01,
        -3.19112749e-01, -1.35194819e+00, -5.70083266e-01,
         8.09419283e-01, -4.10006503e-01,  2.41881094e-01,
        -3.14234816e-01,  5.63773972e-01, -5.22354154e-01,
        -3.82829211e-02, -5.15573314e-01,  2.58810433e-01,
        -1.08951798e+00, -5.34873769e-01, -1.10966689e-01,
         1.05729413e-01,  1.64097944e+00, -6.87261571e-01,
        -1.39414583e+00,  3.09086401e-01, -1.85555836e+00,
        -4.25328860e-01,  7.47000313e-01, -3.63816926e-01,
        -7.44994802e-01, -2.00540101e+00,  7.36663190e-02,
         8.27177597e-01, -5.00916458e-01, -1.26428580e+00,
         1.25001920e-01,  5.89732548e-01, -4.17761147e-01,
         8.79213385e-01,  9.79641588e-01, -5.65684757e-01,
         3.24248934e-01, -5.10920460e-01,  1.45438485e+00,
        -4.06426202e-01, -7.60211134e-01, -8.13067551e-01,
         9.01146245e-01, -5.48717365e-01,  4.94677650e-01,
        -2.72457038e-01,  5.28116732e-01, -1.40672738e+00,
         7.49537265e-01,  1.48470795e+00, -9.46828358e-01,
        -9.37691869e-01,  5.80765385e-02, -5.49231252e-01,
        -9.22112209e-01, -4.21587779e-01,  8.02821595e-04,
        -2.36096622e+00,  1.45443841e+00, -1.69355694e+00,
        -9.24424969e-01,  7.30857871e-02, -9.42780766e-01,
        -1.04555169e+00, -2.93637456e-01,  1.60387386e+00,
        -1.21416885e-01,  1.07168131e+00,  2.62856547e-01,
        -4.51459306e-02,  3.61068398e-01,  1.60392036e-01,
        -9.07823341e-01,  7.54031685e-01, -3.38741686e-01,
         1.33180293e-01, -1.64759294e+00,  1.08651498e+00,
         1.30500705e+00, -1.61024044e+00, -2.20309976e-01,
         2.12101551e-02,  3.72371184e-01, -1.09100238e+00,
        -3.90995097e-01, -5.35387058e-01,  3.84583916e-02,
        -1.84838071e-01,  4.14685747e-01, -1.13611219e+00,
         6.80392679e-01, -1.04160959e+00,  5.49059630e-01,
        -6.00580825e-01,  3.77596984e-01, -1.17410049e+00,
        -2.46014646e-01, -1.08794239e+00,  1.87650637e-01,
         3.19898791e-01,  7.58403203e-01, -1.74224400e+00,
         4.44041162e-01, -1.25993630e+00,  3.94084457e-01,
        -8.24026315e-01,  6.67636651e-01,  8.75182717e-01,
        -2.35837885e-01, -1.13993121e+00, -9.86067747e-02,
        -8.06685944e-01, -5.97197020e-01, -5.09702437e-02,
        -3.95208213e-02, -1.62270153e-01,  2.28323518e-02,
        -1.34091186e+00,  1.27504488e-03,  5.94208500e-01,
         1.37189612e+00,  3.83351176e-01, -1.09833051e+00,
        -4.46007351e-01,  6.93317472e-01, -1.62066426e+00,
        -5.12560829e-01,  6.34567355e-01, -1.29840211e+00,
        -1.40495350e+00,  5.98684490e-01,  8.60689279e-01,
        -6.09998262e-01, -3.16856583e-01,  2.16819923e-01,
        -9.06599717e-01,  1.22443886e+00, -1.09288758e-01,
        -2.33043498e-01, -6.93600392e-02,  3.76732478e-01,
        -7.35247927e-01,  2.47992059e-01, -2.79807677e-01,
         2.24014935e-01,  1.63850098e-01, -2.13494532e-01]]), array([19.75301512])]]
