Dataset str(0)
Time elapsed in seconds
23.969363689422607
[122, [array([[ 0.41945807,  0.16805379, -1.09252734, -0.56100396,  1.13271733,
         0.9461708 , -0.54765987, -0.17094784,  0.54074362, -0.11067993,
        -0.17299906,  0.56411221, -0.18817473, -0.7660063 ,  0.36265487,
         0.13707846,  0.09744543,  0.22771054,  0.67851949, -0.96090022,
         0.04777687, -1.09827395, -0.74347205,  0.42509973, -0.46788227,
         0.96227659, -0.08538459,  0.20701637, -0.05140687,  0.74274714,
         0.80679245,  0.74955823,  0.29896825,  0.73229796,  1.1151334 ,
        -0.9487357 , -0.83323284,  0.47561193, -0.69920405,  1.06936544,
        -0.85013924, -0.08355775, -0.42449642,  0.95663128, -0.64889551,
         0.73747575, -0.47589419,  0.75273246, -0.77212636,  0.22474826,
         0.27684654,  0.50372096,  1.75503284, -0.19028423, -1.35031491,
        -1.07647365,  0.04018457,  0.56736492, -0.21119291, -2.31591911,
         0.71719241,  0.95346865,  0.34156203, -0.69643977, -0.40136423,
         0.73684887, -1.17039856,  1.11578064, -0.66329574,  0.74757513,
         0.77177935]]), array([15.39043802])]]
Dataset str(1)
Time elapsed in seconds
2.4174327850341797
[47, [array([[-0.21503531, -0.00420662, -0.28064453, -0.52608159, -0.02774164,
         1.01013184,  0.35201727,  0.0995081 ,  1.30141165, -0.17712573,
         0.46117612, -0.85945174, -0.22644337, -0.05863609,  0.62581964,
         0.06014814, -0.33712239, -0.09118712,  0.70939284,  0.4323273 ,
        -0.20725303, -0.95675683, -0.17548779, -0.01083773, -0.38779919,
         0.65581094,  1.86657693, -0.97605416,  0.85360301, -0.50146469,
         0.15480353,  0.65406341, -0.76350833, -0.40511149,  0.84480372,
        -0.44092622, -0.02593371, -1.67979291, -1.22785361, -0.71811568,
         0.01753046, -0.99826512, -0.3544874 ,  0.04006785, -0.30376834,
         0.18167049,  1.77490071,  0.13902761,  0.19957238,  0.08111934,
        -0.27706151, -0.3781178 ,  0.51705341, -0.04872221,  0.95856183,
        -0.49067363,  0.23535104, -0.53347735, -0.51613254,  0.70833437,
         0.34949996, -0.38888739, -0.66565414,  0.16259862,  0.3147975 ,
         0.8367341 ,  0.35025649, -0.17007233,  0.15241121, -0.56608524,
        -0.49511262]]), array([2.77443072])]]
Dataset str(2)
Time elapsed in seconds
3.0297272205352783
[112, [array([[-0.7606526 , -0.83090671,  0.01436413,  0.44352449,  0.0063876 ,
         0.57060544, -1.19347803,  0.09190104, -0.52508296, -0.86136767,
         0.43421217,  0.77827213,  0.74877899, -0.03633653, -0.09859966,
         0.60817787,  0.00745274, -0.3800366 ,  0.06513816, -0.0019692 ,
        -0.74794199, -0.21510521,  0.48110201,  0.35697831,  1.22687395,
         0.3388306 ,  0.46176919,  1.03643016,  0.13850232,  0.39324052,
         0.84846601,  1.51767808, -0.60037108, -0.24925877,  1.31140439,
        -0.34146384,  0.35781953, -1.1570391 ,  0.1108803 ,  0.38831892,
        -1.30517273, -0.67959919, -0.32442636,  0.54976439, -1.03515401,
        -0.88120266,  0.29152889, -0.69845752, -0.49669129, -1.28712695,
         0.47910437, -1.2779988 ,  0.41868443, -0.40978915,  0.53834231,
        -0.112744  , -0.4572916 , -1.1961578 , -0.36806158,  0.0130842 ,
        -0.0388689 , -0.21347143,  0.30258439,  0.28011113, -0.0975706 ,
        -0.19327199, -0.18623418,  0.55406588,  0.46740187, -0.84358771,
         0.14450043]]), array([14.26227065])]]
Dataset str(3)
Time elapsed in seconds
2.129033327102661
[110, [array([[ 0.80244058,  0.68312326,  0.66624776,  0.57849249,  0.63235941,
         0.30467024, -0.59982716,  0.52929989, -0.2000588 , -0.13566337,
         0.36819758, -0.81408768, -0.11549829,  0.77433746,  0.02850239,
        -1.02553302,  0.36094418,  0.11956087, -0.33927042,  0.95064422,
        -0.17552856,  0.15590441,  0.57794583, -0.75281563, -0.45634812,
        -1.25670983, -0.63820006,  0.02636427, -0.35181987,  0.90371995,
        -1.44538319, -0.15360406, -0.84550212, -0.51696399, -0.73137046,
        -0.75419022,  0.66247167,  0.05561202,  2.04063163,  0.62681286,
         0.4319354 , -0.94132508, -0.02188672,  0.05474194, -0.04472948,
         0.70825731,  0.33452819, -0.16721057, -1.21497253, -0.29178922,
         0.71653783,  0.54896387,  0.47850826,  0.05618668, -0.03494047,
         0.08417227, -0.32499302,  0.43436743, -0.13482272,  1.1140849 ,
        -1.26233206, -0.14441863,  0.20234161,  0.59457607, -0.14328637,
        -0.30655332,  0.97988979, -1.05309749, -0.04279236, -0.43798729,
         0.10559612]]), array([8.16600781])]]
Dataset str(4)
Time elapsed in seconds
0.66074538230896
[94, [array([[-0.25752772,  0.01670689, -0.99684182, -1.43285147,  0.07490716,
         0.51341285,  0.5145935 , -0.38219299,  0.36242842, -0.38578945,
        -0.80176451,  0.29945328, -0.66337789, -0.86516676, -0.53842922,
        -0.37331687, -0.41835115, -0.67832588,  0.0247908 ,  0.17814843,
        -0.87266057,  0.32652389,  0.23130252,  0.12939299,  0.23949677,
        -0.34754698, -0.49618765,  0.77103608,  0.29587179, -0.35960873,
        -0.31445262,  0.49239285, -0.66741643,  0.44645243,  0.53317514,
        -0.43665977, -0.32092749,  0.55014985, -0.26972197, -0.43212009,
        -0.04407553,  0.75443566, -0.32571331, -0.976468  ,  0.36984974,
         0.47616548, -0.63284433, -0.15976987, -0.09570771, -0.3381578 ,
         0.9071835 , -0.32178764,  0.58877968, -0.7386326 , -0.17293012,
        -0.25272969, -0.51882362, -0.42867675, -0.41026543,  0.2406638 ,
        -0.69994174,  0.71974326,  0.03770989,  0.38643504,  0.10839756,
        -0.62905546,  0.06100392,  0.07947109,  0.68945784,  0.09200451,
        -0.22362229]]), array([3.93362304])]]
Dataset str(5)
Time elapsed in seconds
0.5598301887512207
[83, [array([[ 0.95446031,  0.29851513, -0.43462809,  0.61198878,  0.40232991,
        -0.07167563,  1.08156831, -0.42510844, -0.29792295, -0.08020334,
        -0.60405971, -0.77499958,  0.72915568,  0.29405697, -1.14035729,
        -0.16013806,  1.0835796 ,  1.07137988, -0.55102119,  0.38283939,
        -0.28448183, -0.61329273,  0.02096507,  0.03596858,  0.33002369,
        -0.00254139,  0.16214613,  0.39593092,  0.4875504 ,  0.13688553,
         0.3433491 ,  0.93916283,  0.63936289, -0.44833108,  0.77030385,
         0.2403994 ,  1.7399837 ,  0.15280101, -0.53920593, -0.61567113,
         0.33889199, -0.67428667,  0.03172833, -0.0875292 , -1.31955327,
         0.18964549,  0.35907803, -0.9947655 , -1.03477052,  0.09405598,
        -0.25125709,  1.53838794,  0.4843346 ,  0.26512624, -0.7282259 ,
         0.89631861,  1.07295768, -0.17650849,  0.97086552,  0.50122801,
         1.8570769 , -1.26232687, -0.53415983,  0.54397192,  0.32323837,
         0.43685589,  0.77807118, -0.67527167,  1.34461796,  0.24836892,
        -0.93269023]]), array([1.66352154])]]
Dataset str(6)
Time elapsed in seconds
0.6625442504882812
[121, [array([[-0.87944102,  0.12355091,  0.03390251,  0.16847296,  0.512147  ,
        -0.2815563 , -0.24331852,  0.46103471, -1.41433416,  0.30614937,
         0.37389236,  1.5480557 ,  1.1501934 ,  0.34709255, -0.50253707,
         1.9011694 ,  0.49170889, -0.08872202,  0.21661072, -0.31107703,
         0.66284588, -0.32302818, -0.39771691, -0.38477514,  1.80396225,
        -0.18773463,  0.51531459,  0.49058325,  0.41469107, -0.08317005,
         1.24094661, -0.3871787 ,  1.77150534,  0.55655269, -0.25064505,
         1.36697001, -0.42550652,  1.1895798 , -0.02779807, -0.18085189,
        -0.45797932,  1.14344728, -0.3977    , -0.73889724, -0.30385656,
         0.78860415,  1.09311727,  0.20167982,  0.31647387,  0.76844187,
         0.01504549, -0.08872114, -0.68498672, -0.08509531,  1.09467772,
         0.55309072,  0.3544876 ,  1.66360081,  0.84435051,  0.47218526,
         0.09767737,  0.46303031, -0.96577063, -0.2775555 , -0.01999019,
        -0.2901773 ,  0.52276374, -0.25859491,  0.39698618, -0.35111541,
         0.00913993]]), array([1.79583079])]]
Dataset str(7)
Time elapsed in seconds
0.7545123100280762
[146, [array([[ 0.01048721,  0.14803665,  0.37562241,  0.15542255,  0.03768344,
         0.54146082,  0.93216389, -0.13450139, -0.07951061,  0.61560494,
        -0.93518003, -0.7117193 ,  0.30668684,  1.15909694,  0.54105971,
         0.43256589,  0.10633053, -0.02486049, -0.66035832,  0.74652599,
         0.3987768 ,  1.00312539, -0.44779844,  0.95432403,  0.17503157,
        -1.06737863,  0.36999335, -0.29375742,  0.02821242, -0.32420681,
        -0.05944681, -0.26303964, -0.07064918, -0.20670037,  0.17039179,
         1.30009106, -0.13220472, -0.43959553, -0.55810332, -1.0065321 ,
         0.33668939, -0.51307917,  0.29540381,  0.23470291,  1.31248811,
         0.10143487,  0.85463203, -0.1726371 , -1.35454566, -0.34264729,
         0.35934346, -1.39515321, -0.25058592,  1.0622244 ,  0.92909123,
         0.39167662,  0.90879022,  0.96220648, -0.42711475, -0.20744071,
        -0.11395894, -0.37145186, -1.125013  , -1.06302059, -0.52479076,
        -0.30668994, -0.05019856,  0.27573159,  0.21017707,  0.27473694,
         0.81940334]]), array([1.18736962])]]
