Dataset str(0)
Time elapsed in seconds
22.79061245918274
[103, [array([[ 0.4660741 , -0.7317482 ,  0.88272441,  1.26434311, -1.13650771,
        -0.40443688, -0.82923638, -0.02771035,  0.54397963,  0.82944941,
         0.58273884, -0.82096773,  0.17998652, -0.72453744,  0.22114069,
        -0.28236883, -0.47652212,  1.16436468,  0.39744369,  2.2991422 ,
        -0.65876935,  0.40936692,  0.25849568, -1.30445644,  0.5724712 ,
         0.14480341, -0.05283323, -0.36045939,  2.55298348, -1.52459052,
        -0.12948687, -0.04334484,  0.47344844,  0.86359117, -1.13503579,
         0.35515084, -0.82489983,  0.5539177 ,  0.17055155,  0.59368694,
        -0.84344181, -0.8716615 ,  0.68879444,  0.3963272 ,  0.65683091,
         0.24519096, -0.65940373,  0.30108857,  0.48606325, -0.99848755,
         0.19905864, -0.59527946,  1.39017954, -0.12601713,  0.84636265,
        -0.55884329,  0.82126266, -0.07749669,  0.59669941,  0.94737607,
         1.51573928,  0.1341444 , -0.62839812,  0.74125279, -0.13908309,
        -0.59743205,  0.11417346,  0.86384296, -0.38224452,  0.14169625,
        -1.07120485]]), array([8.3502002])]]
Dataset str(1)
Time elapsed in seconds
3.7118237018585205
[55, [array([[-0.94940813, -0.62283691, -0.71898028, -1.55176831,  0.02649575,
        -0.2061765 , -0.130306  ,  0.84768242,  0.83223639,  0.30506326,
         1.0623424 ,  0.43444021, -0.22813594,  0.32514652, -0.22138389,
         0.15309854,  0.0055892 , -0.13820196,  0.99648666,  0.37191928,
        -0.98364355, -0.63612247, -0.05416962,  0.09805845,  0.86858238,
         0.86077526, -0.43390654, -0.82451816,  0.14963784,  1.14466935,
         0.67036428, -0.75301017,  0.75116508, -1.45236955, -1.07648993,
        -0.56287151,  0.71043456,  0.20840977,  1.57725878, -1.37427639,
         1.62704321,  0.08399032, -0.61661454, -0.53721838, -0.32522656,
         0.19807956, -0.13038484, -2.00739752, -0.62095216,  0.49361225,
        -0.72236833, -0.45074738,  1.61727563, -1.69374528, -0.44023261,
         0.35178785,  0.3473968 ,  0.02549389, -1.22884177, -0.01807246,
         0.02434996, -0.19250783,  0.4635392 ,  0.0270203 ,  0.67858412,
         0.63809529,  0.10914906, -1.28439401,  0.54752041,  0.0635919 ,
        -0.69998772]]), array([39.39245175])]]
Dataset str(2)
Time elapsed in seconds
0.6435492038726807
[20, [array([[-0.94368817, -1.39107727,  0.07064036,  0.61497448, -1.56834044,
         0.23625047,  0.80028042, -1.11297823,  0.23930303,  1.81926545,
         0.07330711, -0.04480632, -0.417784  ,  1.48931083, -0.83730448,
         0.88088322, -1.93942289, -0.43996957, -0.80777402, -0.15563034,
        -0.69368977, -1.01722751,  1.03285614,  0.61764217, -0.82778094,
         1.20781266,  0.5758375 ,  0.38056822,  0.51590391,  0.96842859,
        -2.41463496,  0.51317453, -1.08900892,  1.37971924,  0.55036025,
        -1.52310154, -1.55913565, -0.63955465,  0.09612535,  0.04505718,
         1.09648247, -0.49685118,  1.74614711, -0.10138385,  0.8314253 ,
        -0.20067392,  0.25596939, -2.72863382, -1.12729213,  2.45097309,
         0.24578237, -0.08359412,  1.2250464 ,  0.36434826,  0.5593765 ,
        -0.97880813,  0.11960658,  0.40620138,  2.39928877, -1.15520642,
        -1.868025  , -0.37324203,  1.34940396,  0.85997476,  1.13808572,
        -0.6996778 , -2.21833464, -0.47394474,  0.75903508, -1.94658437,
         1.09047662]]), array([0.])]]
Dataset str(2)
Time elapsed in seconds
0.6354062557220459
[20, [array([[-2.87199012e-01, -1.84031679e-01,  8.58671281e-02,
         1.50158561e+00, -1.44119596e+00, -7.59077372e-01,
         7.63843802e-01, -1.17395479e-01,  1.27174419e+00,
        -1.41566445e+00, -1.10161387e+00,  1.11828593e-01,
         5.07494547e-01,  1.13559120e+00,  1.08640393e+00,
         8.75792411e-01,  1.95168553e+00,  7.29942467e-02,
         6.17550476e-01, -3.86464700e-01, -7.42268224e-01,
        -2.16866777e-01,  1.77902607e+00, -1.22794410e+00,
        -3.86179019e-01, -5.56761368e-01, -7.34251528e-01,
        -7.35829149e-01,  4.40612472e-01,  1.56979626e+00,
        -2.80822952e-01, -3.31034978e-01, -1.08604107e-01,
         2.25123281e+00, -3.38650909e-01,  1.22856106e+00,
         6.01680105e-02,  3.97339427e-01, -2.11630930e+00,
        -4.07378214e-01, -4.23590179e-02, -2.04786356e-01,
        -8.79832612e-01, -1.86584411e+00, -1.67812314e+00,
        -5.41181253e-01,  8.75384238e-01, -1.00534619e+00,
         2.36070258e-01,  4.48374016e-01,  6.57562712e-01,
         7.45694060e-01, -3.10988261e-02, -3.20909505e-01,
         1.11817987e-02, -3.36672285e-01, -1.14276502e+00,
         4.94289315e-02, -1.58317882e-03,  3.32057254e+00,
        -2.86749935e-01, -1.17195227e+00, -1.47346874e-01,
        -1.75953602e-01,  8.25577084e-01,  3.93420628e-01,
         3.66922887e-01, -7.47677482e-01,  1.55585183e-01,
        -1.01136904e-01, -1.58250444e-01]]), array([0.])]]
Dataset str(2)
Time elapsed in seconds
0.6430079936981201
[20, [array([[ 1.74180204, -0.70963625,  0.07624258, -1.41609768, -1.07402656,
         1.04474369, -0.08844133,  2.60037213,  0.93302701,  0.93325491,
         0.35767975, -1.58574779, -1.49230652,  0.87556064,  1.83209892,
         0.50707563, -0.55357946, -0.6031722 ,  0.80457618,  1.67407624,
         1.57559168, -0.37087117, -0.7893196 , -0.48916636, -0.61263338,
        -0.52992937, -0.48365287,  0.2707236 , -0.10714542, -0.18846961,
         1.14006837,  0.11407979,  0.66072349, -1.71688255,  0.86142699,
         0.81475778, -1.10528933,  0.08901413,  0.51287189,  0.78017183,
        -0.15810841,  0.87527789, -0.20972696, -0.44628051, -0.91784631,
         2.00133241,  0.93831978, -0.51548256, -0.84108034,  0.39793437,
        -1.65908741,  1.03019534,  0.03300259,  0.78397172,  0.80142864,
        -1.44191257,  1.00853364, -0.66541849, -0.3180774 , -1.37595749,
         0.93317204,  0.67166379,  0.53300236,  1.1416191 , -0.18662597,
         0.19401496, -1.80839329,  0.37698449, -1.18835318,  1.85099096,
         0.70015474]]), array([0.])]]
