Dataset 0
Time elapsed in seconds
34.06797647476196
[136, [array([[ 2.71417954e-01,  8.61026970e-01, -4.42666741e-05,
         4.26200854e-01, -1.29175845e-01, -1.10603282e+00,
         5.12985572e-01, -2.42248383e-01, -9.48360504e-01,
        -7.84725157e-01,  4.80621131e-01, -1.43953975e+00,
        -5.67615059e-01, -1.43441841e+00, -5.54949917e-01,
        -1.40861786e+00,  2.28746533e-01, -1.12856304e+00,
         7.71613170e-01, -2.65403143e-01,  1.62483955e-01,
        -4.09590126e-01,  7.85259885e-01, -8.30700072e-02,
         4.94200542e-01, -2.01186409e-01, -4.91645366e-01,
        -2.62035393e-01,  6.26707275e-01, -4.78624695e-01,
         3.98146040e-01,  5.68859794e-01,  7.18137922e-01,
         6.29706779e-01, -7.80512178e-01,  4.97623195e-01,
         8.32131651e-01, -8.36704904e-02, -1.05614724e-01,
         1.15628728e+00, -2.44948059e-02, -4.22174019e-01,
        -2.36235818e-01,  6.30546295e-01,  3.03565703e-01,
         5.89756874e-02, -9.36810688e-02,  4.49703173e-01,
        -1.14853928e-01, -7.11275348e-01, -1.03836201e+00,
        -1.37500256e+00,  1.28218325e+00,  8.87104149e-02,
         3.40702806e-02, -3.49849386e-01,  4.08677375e-01,
        -1.45074767e-01, -1.02422283e+00, -4.87584687e-01,
         8.55358706e-01,  1.33589607e-01, -9.48230566e-01,
        -3.31868305e-01, -1.90730206e-01, -5.71428217e-01,
        -1.30824346e-01,  6.70279211e-01, -8.51602294e-01,
         7.57249242e-01, -2.95069745e-01]]), array([46.22104044])]]
Dataset 1
Time elapsed in seconds
9.48884654045105
[109, [array([[ 0.52005151,  1.13357044, -0.29595767, -0.14475331,  0.63929363,
         0.37467875, -1.01244848,  0.57954223,  0.36567443,  0.96458423,
        -0.09073575,  0.57813165,  0.08875387, -0.55450916, -0.89036413,
         0.31732411, -0.2765205 ,  0.11564837,  0.47835419, -0.88960711,
         0.36789824,  0.76998866, -0.03650705,  0.31000365, -0.62498234,
         0.49514322,  0.91417537, -0.41543996, -0.21493658,  0.26159077,
         0.73301203,  0.56658193, -0.04988443,  1.18566875,  0.10645552,
        -0.6464118 ,  0.73564028,  0.19797083,  0.53238703,  0.55820581,
        -0.56005328,  0.85538565,  0.43593636,  0.00888108, -0.22146747,
        -0.14968919, -0.84979261,  1.39655769,  0.5451341 ,  0.56835782,
         0.69917568,  1.11988125, -0.13649686,  0.20719037,  0.38787336,
         0.07137749,  0.99209506,  0.334386  ,  0.17809344, -0.88673389,
        -0.1918714 , -0.1313673 ,  0.89317779, -0.61554873,  0.25120434,
        -0.64722045,  0.02017477,  0.75757939,  0.37686744,  0.32158577,
         0.19461621]]), array([41.67347329])]]
Dataset 2
Time elapsed in seconds
2.7668519020080566
[50, [array([[-0.16225951,  0.86707881,  0.81893042, -1.12167835,  0.17255965,
        -0.22743691, -0.6882859 ,  0.33234419,  0.67215566,  0.23085134,
        -1.46577488,  0.86350783,  0.30183593, -0.42492447,  0.12242142,
        -0.43683243, -0.79831063,  0.5207717 , -1.55287112, -0.14256103,
        -0.05383016, -0.43037968, -0.09590922,  0.78192372, -0.47470757,
        -0.26333232,  0.26737806,  0.26206139,  0.97848324, -1.34040956,
        -0.57848503, -0.10910265, -0.75743336,  1.02095621,  0.1972411 ,
        -0.40217893, -0.17904999,  0.67331546, -0.31739859, -0.2100214 ,
         0.5455204 ,  0.92870288, -0.95145921, -0.93912458,  0.8079928 ,
         0.12304308,  0.22725736, -0.76575017, -0.10221633, -0.04858162,
         0.27076752,  0.2304496 ,  0.02184743,  0.09728866, -0.86655244,
         0.23827085,  0.65935224,  0.58275784,  1.30887871,  0.14882414,
         0.26388878,  0.55248511, -0.33622866,  0.81909703,  0.24389815,
         0.4535575 ,  0.28592902, -0.37620331, -1.59255354, -0.81830769,
         0.13065636]]), array([9.36830787])]]
Dataset 3
Time elapsed in seconds
4.081564664840698
[102, [array([[ 3.00774619,  1.0729852 ,  1.36856386, -0.34409664, -0.5957374 ,
         1.31183993,  2.36615917,  1.07506889, -0.48400288,  0.63227395,
        -0.83045216,  0.26895691, -0.76319305,  0.52920981, -2.28575509,
        -0.74473221, -2.15089117, -1.42849004, -0.54304528,  1.14203285,
         0.30455254,  1.35780231,  1.14182046,  0.19827696,  1.90051585,
         1.88223592, -0.92221616,  3.24211664, -0.03399515,  0.52457636,
        -0.95173619,  0.42264994, -0.10905961, -4.04326303, -0.25008465,
        -0.63603385, -0.71878651,  0.97453643,  2.42254122,  1.02420124,
        -1.25984042,  1.52054373,  2.60857162, -3.32487116,  0.77888447,
        -0.09442145, -0.77148995, -1.37318247, -2.37118509, -1.88461347,
         1.05419246, -0.87119229,  1.6525248 ,  2.38629834,  0.83237488,
         1.04769116, -2.30070165,  2.61468874, -0.52553892, -2.2021282 ,
         1.00736962,  0.6004089 ,  1.43920548, -1.5801513 ,  0.94896846,
         1.19447373,  0.22077531, -0.56511332, -0.17329232, -0.23959781,
         0.55588175]]), array([8.1453702])]]
Dataset str(4)
Time elapsed in seconds
0.9601128101348877
[46, [array([[ 0.04898451,  1.04504823, -0.46085151,  0.34442175,  0.4212327 ,
         0.60653602, -0.18680629,  0.36234773,  0.2201885 ,  1.24474921,
         0.10255977,  0.11322071, -1.51215736, -0.19259716,  0.48154539,
        -1.20138128,  0.14254393, -0.83750297, -1.05668244,  0.6441496 ,
        -0.43787872, -0.53665498, -0.87861331,  0.87459712,  0.13270351,
         0.49271075,  0.36603269, -0.47993069, -0.72758495, -0.11598287,
        -1.16636984, -0.31268882,  0.30015845, -0.54029341, -0.58087391,
        -1.1400104 ,  0.05266076, -0.15131388,  0.90127669, -0.53538982,
         0.04188194,  0.51348099, -1.34609831,  0.01092483,  1.00928795,
         0.79301578,  0.55986561,  0.13759312,  0.66292654, -0.6085691 ,
        -0.74852389, -0.69932976,  0.09958657, -0.14899689, -1.00899892,
        -0.12253541, -0.84800037, -0.69726138, -0.08703906,  0.57702106,
         1.33458307, -0.48310548, -0.25810287,  0.26170112,  0.25589947,
         0.26661288,  0.47383029, -0.76259956, -0.24960936, -0.36522291,
        -0.15259516]]), array([5.24838919])]]
Dataset 5
Time elapsed in seconds
2.129028797149658
[104, [array([[-3.54801568e-01,  1.26058702e-01,  1.60022933e-01,
         1.27385719e+00, -2.16094827e-01,  2.71545735e-01,
        -4.78327405e-01, -7.65046423e-01,  9.55869722e-01,
         4.09359860e-01,  5.83350276e-01,  2.09799873e-01,
         8.35076271e-01, -1.40907224e-01,  8.68165131e-01,
        -5.88311719e-01, -3.27638028e-01,  1.01399919e+00,
         1.07467721e+00, -7.06861050e-01,  5.33168023e-01,
        -5.34066173e-01,  2.81992916e-01, -5.89535975e-01,
         8.70885872e-01, -4.36119353e-01, -8.09456798e-01,
        -2.06458246e-02, -1.35040640e-01, -3.43676073e-01,
         2.78286953e-01,  9.58453313e-01,  5.77852486e-01,
         2.51776696e-01,  3.37948753e-01,  9.59445067e-04,
        -4.52378033e-01,  1.06102446e+00, -1.10180128e-01,
         1.16167220e-03, -1.04604089e+00, -5.33483723e-01,
        -1.19198818e+00, -2.35401645e-02, -3.28928798e-01,
        -1.52292542e-01,  4.23134912e-01,  1.07466688e+00,
        -7.72185298e-01, -1.11218397e+00,  1.10013428e-01,
         4.23011469e-01, -2.14841475e-01,  1.95286981e-01,
         6.39263464e-01,  9.43435136e-01,  1.65855794e+00,
         2.77700229e-01, -1.50607201e-01, -6.26504889e-01,
        -9.28832602e-02,  4.28810181e-01,  1.63546605e+00,
         3.85518324e-01,  4.48179688e-01, -1.84286072e+00,
         4.80107942e-01, -4.11541428e-01, -2.30303843e-01,
        -3.56623650e-01, -9.87520329e-01]]), array([1.54108253])]]
Dataset str(6)
Time elapsed in seconds
0.7007553577423096
[73, [array([[ 6.06085293e-02, -2.86002050e-01,  1.93085932e-01,
        -3.44384275e-01,  2.01468176e+00,  1.52856326e+00,
         1.09957722e-01,  2.52785744e-01, -4.58299225e-02,
        -2.30480505e-01, -5.79390510e-01, -5.80819863e-02,
         4.14310316e-01, -1.97820575e-01,  1.13476216e+00,
         4.87482790e-01, -1.60866602e-01, -8.67413346e-01,
        -2.36581380e-01,  8.85906091e-01, -1.83006657e-03,
         7.28808757e-01, -4.03212581e-01,  1.74097793e-01,
         2.50668518e-01, -3.75272434e-01, -6.09298646e-01,
        -3.86813264e-03, -3.28790204e-01, -3.63469640e-01,
         1.05557121e+00, -7.94337836e-01, -1.15743080e+00,
        -7.22229256e-01,  1.33472841e+00,  1.07535267e+00,
        -6.16691609e-01,  4.82462956e-01, -5.50018271e-01,
         2.68293233e-01,  3.66687810e-01, -5.02994665e-01,
        -2.70053619e-01,  3.38912301e-01,  1.14333320e+00,
         8.64178175e-01,  1.02889832e+00,  2.35747407e-01,
        -1.14890888e+00,  1.53165587e-01, -1.87385383e-01,
         1.43628360e-01, -1.17923995e+00,  1.61058211e-01,
         3.14759926e-01,  6.97863864e-02,  1.71867418e-01,
         5.60042924e-02, -5.72938844e-01, -2.48102435e-01,
        -4.61655976e-01, -3.71947757e-01,  2.90133977e-01,
        -2.69715609e-02,  7.01838934e-01, -1.86503202e-01,
        -6.48954689e-01,  1.03954906e+00, -9.78603686e-01,
        -6.91121372e-01,  4.44293740e-01]]), array([3.20414102])]]
Dataset 7
Time elapsed in seconds
0.9237785339355469
[117, [array([[ 0.19946095, -0.43641713,  0.19830608,  0.36945466,  0.26461209,
        -1.15481184, -0.10452665, -0.04432985,  0.57982978, -1.44992268,
        -0.38356375, -0.43977071, -0.34821291,  0.23356778,  0.45303275,
         0.48738026, -0.70566164,  0.70624081,  0.53428171,  0.73211563,
        -0.63910058, -0.65719523, -0.20366233, -0.19916424, -1.0001123 ,
        -0.17537581, -0.60034699, -0.17896197, -0.30564783, -0.6361884 ,
        -0.3328011 ,  0.84092019, -0.19546405, -0.6890321 ,  0.41840738,
         0.79549883, -0.59695592, -0.32560615, -0.01028266,  0.44874196,
        -0.32119871,  0.29716063,  0.85883098,  0.09710793,  0.77146245,
         0.39109528, -0.10281325, -0.46328348,  1.02076072,  0.45808305,
        -0.43990852,  0.02210301,  0.89831334,  1.27022252, -0.14105856,
         0.87149361,  0.44581691, -0.61052856,  0.68605631,  0.09427388,
         0.99432381, -0.74627292,  0.6401745 , -0.47878045,  0.67111016,
         0.27837789,  0.39967931,  0.6131318 , -0.00879746, -0.09045477,
        -0.546238  ]]), array([3.53506565])]]

